-0.050000	0.019667
-0.049900	0.044046
-0.049800	0.044046
-0.049700	0.044046
-0.049600	0.044046
-0.049500	-0.029094
-0.049400	-0.016903
-0.049300	0.007477
-0.049200	0.056237
-0.049100	-0.004713
-0.049000	-0.016903
-0.048900	0.007477
-0.048800	0.031856
-0.048700	0.031856
-0.048600	-0.004713
-0.048500	-0.004713
-0.048400	0.080616
-0.048300	0.007477
-0.048200	-0.004713
-0.048100	-0.016903
-0.048000	-0.004713
-0.047900	-0.016903
-0.047800	0.019667
-0.047700	0.117187
-0.047600	0.019667
-0.047500	-0.016903
-0.047400	-0.029094
-0.047300	-0.004713
-0.047200	-0.004713
-0.047100	-0.041283
-0.047000	0.019667
-0.046900	0.044046
-0.046800	-0.016903
-0.046700	0.007477
-0.046600	0.007477
-0.046500	0.056237
-0.046400	0.019667
-0.046300	0.031856
-0.046200	-0.004713
-0.046100	0.080616
-0.046000	0.056237
-0.045900	-0.016903
-0.045800	-0.004713
-0.045700	-0.029094
-0.045600	-0.004713
-0.045500	0.080616
-0.045400	-0.004713
-0.045300	0.068426
-0.045200	0.044046
-0.045100	0.031856
-0.045000	0.019667
-0.044900	0.007477
-0.044800	0.007477
-0.044700	0.056237
-0.044600	0.019667
-0.044500	0.031856
-0.044400	-0.029094
-0.044300	0.019667
-0.044200	0.031856
-0.044100	0.007477
-0.044000	0.019667
-0.043900	-0.077854
-0.043800	-0.016903
-0.043700	0.031856
-0.043600	0.044046
-0.043500	0.044046
-0.043400	0.056237
-0.043300	0.031856
-0.043200	-0.004713
-0.043100	0.080616
-0.043000	-0.004713
-0.042900	-0.029094
-0.042800	-0.004713
-0.042700	0.007477
-0.042600	-0.016903
-0.042500	0.031856
-0.042400	0.068426
-0.042300	0.019667
-0.042200	-0.041283
-0.042100	0.007477
-0.042000	-0.029094
-0.041900	0.019667
-0.041800	-0.004713
-0.041700	0.056237
-0.041600	0.044046
-0.041500	-0.004713
-0.041400	0.019667
-0.041300	-0.016903
-0.041200	-0.004713
-0.041100	0.031856
-0.041000	-0.004713
-0.040900	-0.016903
-0.040800	0.007477
-0.040700	0.019667
-0.040600	-0.041283
-0.040500	-0.065664
-0.040400	0.019667
-0.040300	0.080616
-0.040200	0.080616
-0.040100	0.031856
-0.040000	0.019667
-0.039900	-0.004713
-0.039800	-0.004713
-0.039700	0.007477
-0.039600	-0.029094
-0.039500	0.044046
-0.039400	0.007477
-0.039300	-0.016903
-0.039200	0.007477
-0.039100	0.031856
-0.039000	0.044046
-0.038900	0.007477
-0.038800	0.019667
-0.038700	0.044046
-0.038600	0.068426
-0.038500	0.019667
-0.038400	0.019667
-0.038300	-0.029094
-0.038200	0.044046
-0.038100	0.056237
-0.038000	0.056237
-0.037900	0.068426
-0.037800	0.044046
-0.037700	0.044046
-0.037600	0.019667
-0.037500	-0.004713
-0.037400	-0.004713
-0.037300	-0.053473
-0.037200	0.031856
-0.037100	-0.016903
-0.037000	-0.016903
-0.036900	0.019667
-0.036800	0.056237
-0.036700	0.056237
-0.036600	0.092807
-0.036500	0.092807
-0.036400	0.068426
-0.036300	0.044046
-0.036200	0.007477
-0.036100	0.068426
-0.036000	0.068426
-0.035900	0.068426
-0.035800	0.068426
-0.035700	0.019667
-0.035600	0.007477
-0.035500	0.080616
-0.035400	0.007477
-0.035300	-0.016903
-0.035200	0.019667
-0.035100	0.007477
-0.035000	-0.029094
-0.034900	0.019667
-0.034800	0.031856
-0.034700	0.044046
-0.034600	0.007477
-0.034500	0.068426
-0.034400	0.031856
-0.034300	0.044046
-0.034200	0.080616
-0.034100	0.044046
-0.034000	-0.004713
-0.033900	0.044046
-0.033800	0.007477
-0.033700	0.031856
-0.033600	0.092807
-0.033500	0.092807
-0.033400	0.044046
-0.033300	-0.004713
-0.033200	0.007477
-0.033100	0.056237
-0.033000	0.019667
-0.032900	0.044046
-0.032800	0.068426
-0.032700	-0.004713
-0.032600	0.007477
-0.032500	-0.004713
-0.032400	0.019667
-0.032300	-0.004713
-0.032200	0.019667
-0.032100	0.007477
-0.032000	-0.004713
-0.031900	0.068426
-0.031800	0.068426
-0.031700	0.080616
-0.031600	0.092807
-0.031500	0.031856
-0.031400	-0.004713
-0.031300	-0.004713
-0.031200	0.056237
-0.031100	0.044046
-0.031000	0.019667
-0.030900	0.044046
-0.030800	0.056237
-0.030700	0.019667
-0.030600	0.044046
-0.030500	0.044046
-0.030400	0.031856
-0.030300	0.031856
-0.030200	-0.029094
-0.030100	-0.029094
-0.030000	0.068426
-0.029900	0.007477
-0.029800	0.019667
-0.029700	0.031856
-0.029600	0.007477
-0.029500	-0.016903
-0.029400	0.031856
-0.029300	0.019667
-0.029200	0.031856
-0.029100	0.019667
-0.029000	0.056237
-0.028900	0.007477
-0.028800	0.031856
-0.028700	0.007477
-0.028600	0.019667
-0.028500	0.044046
-0.028400	-0.004713
-0.028300	0.056237
-0.028200	-0.004713
-0.028100	0.056237
-0.028000	0.007477
-0.027900	0.044046
-0.027800	-0.004713
-0.027700	0.044046
-0.027600	0.044046
-0.027500	-0.004713
-0.027400	-0.004713
-0.027300	0.044046
-0.027200	0.068426
-0.027100	0.044046
-0.027000	0.044046
-0.026900	0.007477
-0.026800	0.007477
-0.026700	-0.004713
-0.026600	-0.016903
-0.026500	0.031856
-0.026400	-0.041283
-0.026300	0.007477
-0.026200	0.019667
-0.026100	0.044046
-0.026000	0.044046
-0.025900	-0.004713
-0.025800	0.019667
-0.025700	0.019667
-0.025600	0.019667
-0.025500	-0.016903
-0.025400	-0.004713
-0.025300	0.068426
-0.025200	0.044046
-0.025100	-0.016903
-0.025000	-0.029094
-0.024900	-0.016903
-0.024800	0.044046
-0.024700	-0.004713
-0.024600	0.019667
-0.024500	0.007477
-0.024400	-0.004713
-0.024300	-0.004713
-0.024200	0.007477
-0.024100	-0.004713
-0.024000	0.031856
-0.023900	-0.004713
-0.023800	-0.004713
-0.023700	0.031856
-0.023600	0.068426
-0.023500	0.044046
-0.023400	0.056237
-0.023300	0.019667
-0.023200	0.007477
-0.023100	-0.004713
-0.023000	0.007477
-0.022900	0.056237
-0.022800	0.019667
-0.022700	0.031856
-0.022600	0.044046
-0.022500	0.007477
-0.022400	-0.004713
-0.022300	-0.041283
-0.022200	-0.053473
-0.022100	-0.029094
-0.022000	-0.004713
-0.021900	-0.004713
-0.021800	-0.053473
-0.021700	-0.016903
-0.021600	0.019667
-0.021500	-0.004713
-0.021400	-0.016903
-0.021300	-0.077854
-0.021200	0.007477
-0.021100	0.019667
-0.021000	-0.102233
-0.020900	-0.029094
-0.020800	0.007477
-0.020700	0.056237
-0.020600	-0.016903
-0.020500	-0.065664
-0.020400	-0.041283
-0.020300	-0.053473
-0.020200	-0.004713
-0.020100	-0.077854
-0.020000	-0.004713
-0.019900	-0.004713
-0.019800	-0.065664
-0.019700	-0.016903
-0.019600	-0.029094
-0.019500	-0.004713
-0.019400	-0.004713
-0.019300	-0.029094
-0.019200	0.019667
-0.019100	0.019667
-0.019000	-0.004713
-0.018900	0.044046
-0.018800	-0.041283
-0.018700	-0.029094
-0.018600	-0.016903
-0.018500	-0.077854
-0.018400	-0.053473
-0.018300	-0.090044
-0.018200	-0.016903
-0.018100	0.019667
-0.018000	-0.029094
-0.017900	-0.077854
-0.017800	-0.029094
-0.017700	-0.053473
-0.017600	-0.016903
-0.017500	-0.077854
-0.017400	-0.016903
-0.017300	-0.016903
-0.017200	0.007477
-0.017100	-0.029094
-0.017000	-0.090044
-0.016900	-0.016903
-0.016800	-0.016903
-0.016700	-0.065664
-0.016600	0.007477
-0.016500	-0.029094
-0.016400	-0.016903
-0.016300	-0.029094
-0.016200	-0.065664
-0.016100	-0.053473
-0.016000	0.007477
-0.015900	-0.029094
-0.015800	-0.053473
-0.015700	-0.016903
-0.015600	-0.004713
-0.015500	-0.041283
-0.015400	-0.053473
-0.015300	-0.041283
-0.015200	-0.029094
-0.015100	-0.102233
-0.015000	-0.102233
-0.014900	-0.053473
-0.014800	-0.065664
-0.014700	-0.029094
-0.014600	0.044046
-0.014500	-0.016903
-0.014400	-0.077854
-0.014300	-0.053473
-0.014200	0.044046
-0.014100	-0.053473
-0.014000	-0.065664
-0.013900	-0.077854
-0.013800	-0.004713
-0.013700	-0.077854
-0.013600	-0.041283
-0.013500	-0.041283
-0.013400	-0.053473
-0.013300	-0.077854
-0.013200	-0.029094
-0.013100	-0.041283
-0.013000	-0.016903
-0.012900	-0.053473
-0.012800	-0.077854
-0.012700	-0.077854
-0.012600	-0.053473
-0.012500	-0.016903
-0.012400	-0.041283
-0.012300	-0.077854
-0.012200	-0.065664
-0.012100	-0.065664
-0.012000	-0.065664
-0.011900	0.044046
-0.011800	-0.016903
-0.011700	-0.065664
-0.011600	-0.077854
-0.011500	-0.029094
-0.011400	-0.053473
-0.011300	-0.053473
-0.011200	-0.029094
-0.011100	-0.041283
-0.011000	-0.065664
-0.010900	-0.016903
-0.010800	-0.029094
-0.010700	-0.053473
-0.010600	-0.126613
-0.010500	-0.041283
-0.010400	-0.053473
-0.010300	-0.053473
-0.010200	-0.004713
-0.010100	-0.065664
-0.010000	-0.053473
-0.009900	-0.016903
-0.009800	-0.053473
-0.009700	-0.053473
-0.009600	-0.065664
-0.009500	-0.029094
-0.009400	-0.041283
-0.009300	-0.041283
-0.009200	-0.053473
-0.009100	-0.004713
-0.009000	-0.004713
-0.008900	-0.016903
-0.008800	-0.065664
-0.008700	-0.090044
-0.008600	-0.077854
-0.008500	-0.102233
-0.008400	-0.102233
-0.008300	-0.138803
-0.008200	-0.041283
-0.008100	-0.090044
-0.008000	-0.053473
-0.007900	-0.029094
-0.007800	-0.041283
-0.007700	-0.065664
-0.007600	-0.029094
-0.007500	-0.090044
-0.007400	-0.102233
-0.007300	-0.041283
-0.007200	-0.016903
-0.007100	-0.041283
-0.007000	-0.090044
-0.006900	-0.029094
-0.006800	-0.102233
-0.006700	-0.065664
-0.006600	-0.053473
-0.006500	-0.041283
-0.006400	-0.090044
-0.006300	-0.102233
-0.006200	-0.053473
-0.006100	-0.065664
-0.006000	-0.041283
-0.005900	-0.077854
-0.005800	-0.150993
-0.005700	-0.138803
-0.005600	-0.065664
-0.005500	-0.065664
-0.005400	-0.077854
-0.005300	-0.053473
-0.005200	-0.053473
-0.005100	-0.102233
-0.005000	-0.090044
-0.004900	-0.077854
-0.004800	-0.065664
-0.004700	-0.114423
-0.004600	-0.126613
-0.004500	-0.053473
-0.004400	-0.065664
-0.004300	-0.029094
-0.004200	-0.029094
-0.004100	-0.029094
-0.004000	-0.041283
-0.003900	-0.029094
-0.003800	-0.029094
-0.003700	-0.114423
-0.003600	-0.077854
-0.003500	-0.029094
-0.003400	0.007477
-0.003300	-0.090044
-0.003200	-0.114423
-0.003100	-0.053473
-0.003000	-0.126613
-0.002900	-0.114423
-0.002800	-0.175373
-0.002700	-0.077854
-0.002600	-0.102233
-0.002500	-0.065664
-0.002400	-0.041283
-0.002300	-0.077854
-0.002200	-0.102233
-0.002100	-0.065664
-0.002000	-0.102233
-0.001900	-0.114423
-0.001800	-0.114423
-0.001700	-0.065664
-0.001600	-0.041283
-0.001500	-0.053473
-0.001400	-0.138803
-0.001300	-0.114423
-0.001200	-0.077854
-0.001100	-0.126613
-0.001000	-0.102233
-0.000900	-0.029094
-0.000800	-0.065664
-0.000700	-0.114423
-0.000600	-0.102233
-0.000500	-0.077854
-0.000400	-0.102233
-0.000300	-0.016903
-0.000200	-0.126613
-0.000100	-0.102233
0.000000	-0.114423
0.000100	-0.126613
0.000200	-0.114423
0.000300	-0.090044
0.000400	-0.126613
0.000500	-0.102233
0.000600	-0.102233
0.000700	-0.077854
0.000800	-0.090044
0.000900	-0.163183
0.001000	-0.053473
0.001100	-0.126613
0.001200	-0.102233
0.001300	-0.114423
0.001400	-0.150993
0.001500	-0.163183
0.001600	-0.126613
0.001700	-0.126613
0.001800	-0.150993
0.001900	-0.150993
0.002000	-0.150993
0.002100	-0.175373
0.002200	-0.126613
0.002300	-0.077854
0.002400	-0.077854
0.002500	-0.114423
0.002600	-0.126613
0.002700	-0.114423
0.002800	-0.102233
0.002900	-0.126613
0.003000	-0.163183
0.003100	-0.150993
0.003200	-0.114423
0.003300	-0.114423
0.003400	-0.138803
0.003500	-0.102233
0.003600	-0.114423
0.003700	-0.126613
0.003800	-0.138803
0.003900	-0.102233
0.004000	-0.102233
0.004100	-0.126613
0.004200	-0.126613
0.004300	-0.150993
0.004400	-0.150993
0.004500	-0.163183
0.004600	-0.114423
0.004700	-0.126613
0.004800	-0.126613
0.004900	-0.187563
0.005000	-0.187563
0.005100	-0.102233
0.005200	-0.150993
0.005300	-0.163183
0.005400	-0.138803
0.005500	-0.138803
0.005600	-0.102233
0.005700	-0.114423
0.005800	-0.102233
0.005900	-0.090044
0.006000	-0.163183
0.006100	-0.163183
0.006200	-0.114423
0.006300	-0.102233
0.006400	-0.150993
0.006500	-0.163183
0.006600	-0.126613
0.006700	-0.175373
0.006800	-0.163183
0.006900	-0.187563
0.007000	-0.175373
0.007100	-0.163183
0.007200	-0.163183
0.007300	-0.077854
0.007400	-0.077854
0.007500	-0.126613
0.007600	-0.126613
0.007700	-0.163183
0.007800	-0.138803
0.007900	-0.150993
0.008000	-0.150993
0.008100	-0.138803
0.008200	-0.150993
0.008300	-0.163183
0.008400	-0.114423
0.008500	-0.138803
0.008600	-0.126613
0.008700	-0.211943
0.008800	-0.211943
0.008900	-0.199753
0.009000	-0.187563
0.009100	-0.187563
0.009200	-0.199753
0.009300	-0.163183
0.009400	-0.175373
0.009500	-0.187563
0.009600	-0.175373
0.009700	-0.187563
0.009800	-0.272893
0.009900	-0.272893
0.010000	-0.260703
0.010100	-0.248513
0.010200	-0.321653
0.010300	-0.382603
0.010400	-0.333843
0.010500	-0.346033
0.010600	-0.321653
0.010700	-0.394793
0.010800	-0.346033
0.010900	-0.370413
0.011000	-0.406983
0.011100	-0.394793
0.011200	-0.419173
0.011300	-0.455743
0.011400	-0.480123
0.011500	-0.504503
0.011600	-0.516693
0.011700	-0.541073
0.011800	-0.553263
0.011900	-0.541073
0.012000	-0.589833
0.012100	-0.602023
0.012200	-0.675163
0.012300	-0.748303
0.012400	-0.699543
0.012500	-0.736113
0.012600	-0.760493
0.012700	-0.809253
0.012800	-0.858013
0.012900	-0.894583
0.013000	-0.992103
0.013100	-1.101810
0.013200	-1.138380
0.013300	-1.248090
0.013400	-1.333420
0.013500	-1.248090
0.013600	-1.199330
0.013700	-1.345610
0.013800	-1.430940
0.013900	-1.418750
0.014000	-1.491890
0.014100	-1.589410
0.014200	-1.686930
0.014300	-1.833210
0.014400	-1.967300
0.014500	-2.089200
0.014600	-2.150150
0.014700	-2.272050
0.014800	-2.357380
0.014900	-2.430520
0.015000	-2.515850
0.015100	-2.613370
0.015200	-2.649940
0.015300	-2.625560
0.015400	-2.662130
0.015500	-2.723080
0.015600	-2.808410
0.015700	-2.735270
0.015800	-2.674320
0.015900	-2.784030
0.016000	-2.881550
0.016100	-3.015640
0.016200	-3.113160
0.016300	-3.222870
0.016400	-3.247250
0.016500	-3.283820
0.016600	-3.393530
0.016700	-3.576380
0.016800	-3.661710
0.016900	-3.807990
0.017000	-3.832370
0.017100	-3.807990
0.017200	-3.844560
0.017300	-3.868940
0.017400	-3.832370
0.017500	-3.661710
0.017600	-3.478860
0.017700	-3.369150
0.017800	-3.454480
0.017900	-3.698280
0.018000	-4.015220
0.018100	-4.100550
0.018200	-4.076170
0.018300	-4.088360
0.018400	-4.332160
0.018500	-4.575960
0.018600	-4.673480
0.018700	-4.588150
0.018800	-4.527200
0.018900	-4.856330
0.019000	-5.514590
0.019100	-5.429260
0.019200	-5.051370
0.019300	-5.124510
0.019400	-6.233800
0.019500	-7.379660
0.019600	-7.708790
0.019700	-7.184620
0.019800	-7.074910
0.019900	-7.391850
0.020000	-7.867260
0.020100	-7.452800
0.020200	-6.063140
0.020300	-5.112320
0.020400	-5.441450
0.020500	-6.477600
0.020600	-7.501560
0.020700	-7.903830
0.020800	-7.099290
0.020900	-5.648680
0.021000	-5.087940
0.021100	-5.648680
0.021200	-6.587310
0.021300	-7.221190
0.021400	-7.367470
0.021500	-7.428420
0.021600	-7.367470
0.021700	-7.184620
0.021800	-7.050530
0.021900	-7.123670
0.022000	-7.611270
0.022100	-8.306100
0.022200	-8.464570
0.022300	-8.220770
0.022400	-8.025730
0.022500	-8.245150
0.022600	-8.781510
0.022700	-8.842460
0.022800	-8.549900
0.022900	-8.403620
0.023000	-7.940400
0.023100	-8.488950
0.023200	-10.475900
0.023300	-10.500300
0.023400	-9.476340
0.023500	-10.000500
0.023600	-10.731900
0.023700	-10.536900
0.023800	-10.293100
0.023900	-10.475900
0.024000	-10.427200
0.024100	-10.195600
0.024200	-9.647000
0.024300	-8.598660
0.024400	-7.830690
0.024500	-9.208160
0.024600	-10.146800
0.024700	-10.463700
0.024800	-11.085400
0.024900	-11.122000
0.025000	-11.804600
0.025100	-12.450700
0.025200	-12.097200
0.025300	-10.585600
0.025400	-9.403200
0.025500	-10.329600
0.025600	-10.927000
0.025700	-10.317500
0.025800	-9.988320
0.025900	-10.280900
0.026000	-10.512500
0.026100	-10.610000
0.026200	-10.951300
0.026300	-11.585200
0.026400	-11.329200
0.026500	-10.597800
0.026600	-10.658800
0.026700	-10.780700
0.026800	-10.475900
0.026900	-10.195600
0.027000	-10.354000
0.027100	-10.634400
0.027200	-10.719700
0.027300	-10.707500
0.027400	-10.829400
0.027500	-11.109800
0.027600	-11.134200
0.027700	-10.987900
0.027800	-11.073200
0.027900	-10.963500
0.028000	-10.756300
0.028100	-10.768500
0.028200	-10.927000
0.028300	-10.853800
0.028400	-10.622200
0.028500	-10.646600
0.028600	-11.292700
0.028700	-13.547800
0.028800	-13.474700
0.028900	-9.659190
0.029000	-9.842040
0.029100	-12.146000
0.029200	-11.731500
0.029300	-11.109800
0.029400	-12.267900
0.029500	-12.743300
0.029600	-12.146000
0.029700	-11.621800
0.029800	-11.853400
0.029900	-12.255700
0.030000	-12.024100
0.030100	-12.048400
0.030200	-12.194700
0.030300	-11.865600
0.030400	-10.975700
0.030500	-11.243900
0.030600	-11.658400
0.030700	-11.195100
0.030800	-10.597800
0.030900	-10.829400
0.031000	-11.816800
0.031100	-12.536000
0.031200	-12.877400
0.031300	-12.560400
0.031400	-12.011900
0.031500	-11.719300
0.031600	-11.475500
0.031700	-11.085400
0.031800	-11.134200
0.031900	-11.609600
0.032000	-11.914300
0.032100	-12.206900
0.032200	-12.853000
0.032300	-13.377100
0.032400	-13.438100
0.032500	-13.304000
0.032600	-13.169900
0.032700	-13.218700
0.032800	-13.243100
0.032900	-13.218700
0.033000	-13.413700
0.033100	-13.511200
0.033200	-13.450300
0.033300	-13.620900
0.033400	-14.023200
0.033500	-14.340200
0.033600	-14.474200
0.033700	-14.401100
0.033800	-14.340200
0.033900	-14.449900
0.034000	-14.961800
0.034100	-15.620100
0.034200	-15.705400
0.034300	-15.790800
0.034400	-16.546499
0.034500	-17.436399
0.034600	-18.594500
0.034700	-19.374599
0.034800	-19.618401
0.034900	-20.057301
0.035000	-20.203501
0.035100	-19.996300
0.035200	-19.581900
0.035300	-19.350201
0.035400	-19.118601
0.035500	-19.057699
0.035600	-19.264900
0.035700	-19.679399
0.035800	-20.032900
0.035900	-20.252300
0.036000	-20.581400
0.036100	-20.886200
0.036200	-21.178699
0.036300	-22.032000
0.036400	-23.104799
0.036500	-23.446100
0.036600	-23.433901
0.036700	-22.702499
0.036800	-19.825701
0.036900	-17.667999
0.037000	-17.424200
0.037100	-17.229200
0.037200	-16.193001
0.037300	-17.192600
0.037400	-19.923201
0.037500	-16.400299
0.037600	-11.975300
0.037700	-15.400700
0.037800	-18.509100
0.037900	-16.022400
0.038000	-15.022800
0.038100	-17.351101
0.038200	-17.619301
0.038300	-16.570900
0.038400	-15.742000
0.038500	-15.595700
0.038600	-15.449400
0.038700	-15.181300
0.038800	-14.559600
0.038900	-14.120700
0.039000	-13.962300
0.039100	-13.596600
0.039200	-13.560000
0.039300	-13.706300
0.039400	-13.840400
0.039500	-13.706300
0.039600	-13.389300
0.039700	-13.486900
0.039800	-13.450300
0.039900	-13.291800
0.040000	-13.547800
0.040100	-13.706300
0.040200	-13.328400
0.040300	-13.145500
0.040400	-12.950500
0.040500	-12.877400
0.040600	-13.511200
0.040700	-13.974500
0.040800	-13.657500
0.040900	-13.377100
0.041000	-13.377100
0.041100	-13.413700
0.041200	-13.413700
0.041300	-13.730700
0.041400	-13.535600
0.041500	-12.926100
0.041600	-12.950500
0.041700	-13.462500
0.041800	-13.620900
0.041900	-13.535600
0.042000	-13.572200
0.042100	-13.425900
0.042200	-13.316200
0.042300	-13.194300
0.042400	-13.023600
0.042500	-13.023600
0.042600	-13.279600
0.042700	-13.474700
0.042800	-13.230900
0.042900	-12.987100
0.043000	-13.011400
0.043100	-13.279600
0.043200	-13.803800
0.043300	-14.218300
0.043400	-14.730200
0.043500	-15.108100
0.043600	-15.364100
0.043700	-15.559200
0.043800	-15.851700
0.043900	-16.217400
0.044000	-16.680599
0.044100	-17.277901
0.044200	-17.997200
0.044300	-17.972799
0.044400	-17.582701
0.044500	-17.936199
0.044600	-18.594500
0.044700	-18.643200
0.044800	-18.533501
0.044900	-19.106400
0.045000	-19.910999
0.045100	-20.106001
0.045200	-20.057301
0.045300	-19.947599
0.045400	-19.569700
0.045500	-19.971901
0.045600	-21.422501
0.045700	-21.580999
0.045800	-20.874001
0.045900	-21.032499
0.046000	-21.434700
0.046100	-22.032000
0.046200	-22.227100
0.046300	-22.007700
0.046400	-22.032000
0.046500	-22.117399
0.046600	-22.141800
0.046700	-21.995501
0.046800	-22.202700
0.046900	-22.385599
0.047000	-22.531799
0.047100	-22.239300
0.047200	-22.056400
0.047300	-21.715099
0.047400	-21.532301
0.047500	-21.861401
0.047600	-21.958900
0.047700	-21.678499
0.047800	-21.629801
0.047900	-21.520100
0.048000	-21.532301
0.048100	-21.873600
0.048200	-22.117399
0.048300	-21.898001
0.048400	-22.044201
0.048500	-22.617201
0.048600	-23.360800
0.048700	-23.994600
0.048800	-24.616301
0.048900	-25.359900
0.049000	-26.042601
0.049100	-26.627701
0.049200	-27.200600
0.049300	-27.639400
0.049400	-27.883200
0.049500	-27.931999
0.049600	-28.029499
0.049700	-28.188000
0.049800	-27.456600
0.049900	-27.517500
0.050000	-29.736099
0.050100	-29.248501
0.050200	-28.529301
0.050300	-29.614201
0.050400	-29.297300
0.050500	-29.236300
0.050600	-29.638599
0.050700	-31.576799
0.050800	-31.113600
0.050900	-28.882799
0.051000	-28.188000
0.051100	-30.784500
0.051200	-32.027802
0.051300	-29.346001
0.051400	-29.077900
0.051500	-31.077000
0.051600	-32.186298
0.051700	-29.992100
0.051800	-29.845800
0.051900	-31.540199
0.052000	-31.625601
0.052100	-30.711300
0.052200	-30.540701
0.052300	-30.296900
0.052400	-27.688200
0.052500	-24.640699
0.052600	-24.433500
0.052700	-24.969801
0.052800	-24.823601
0.052900	-24.750401
0.053000	-25.725599
0.053100	-26.652100
0.053200	-27.261600
0.053300	-27.225000
0.053400	-26.274200
0.053500	-24.872299
0.053600	-23.677700
0.053700	-24.043400
0.053800	-25.506201
0.053900	-27.334700
0.054000	-28.700001
0.054100	-29.638599
0.054200	-30.540701
0.054300	-30.601601
0.054400	-31.016100
0.054500	-31.808399
0.054600	-32.137600
0.054700	-31.710899
0.054800	-31.735300
0.054900	-31.710899
0.055000	-31.723101
0.055100	-31.625601
0.055200	-31.662100
0.055300	-31.650000
0.055400	-31.869400
0.055500	-31.942499
0.055600	-31.893801
0.055700	-31.662100
0.055800	-31.247700
0.055900	-30.991699
0.056000	-31.223301
0.056100	-31.138000
0.056200	-31.113600
0.056300	-31.259899
0.056400	-30.882000
0.056500	-30.053101
0.056600	-30.930700
0.056700	-32.625198
0.056800	-32.942101
0.056900	-31.820601
0.057000	-31.637800
0.057100	-32.235100
0.057200	-32.369202
0.057300	-32.478901
0.057400	-31.942499
0.057500	-30.772301
0.057600	-31.125799
0.057700	-32.283798
0.057800	-32.137600
0.057900	-31.369600
0.058000	-31.357401
0.058100	-31.735300
0.058200	-31.893801
0.058300	-31.820601
0.058400	-31.698700
0.058500	-31.637800
0.058600	-31.771900
0.058700	-31.979099
0.058800	-32.186298
0.058900	-32.064400
0.059000	-31.771900
0.059100	-31.747499
0.059200	-32.076599
0.059300	-32.161900
0.059400	-31.954700
0.059500	-31.796200
0.059600	-31.979099
0.059700	-32.137600
0.059800	-32.101002
0.059900	-31.869400
0.060000	-31.979099
0.060100	-31.979099
0.060200	-31.601200
0.060300	-31.576799
0.060400	-31.796200
0.060500	-31.625601
0.060600	-31.174500
0.060700	-30.942900
0.060800	-30.991699
0.060900	-31.052601
0.061000	-31.028299
0.061100	-31.320801
0.061200	-31.601200
0.061300	-31.564600
0.061400	-31.564600
0.061500	-31.674299
0.061600	-31.576799
0.061700	-31.528099
0.061800	-31.503700
0.061900	-31.308599
0.062000	-31.211100
0.062100	-31.113600
0.062200	-30.869801
0.062300	-30.674801
0.062400	-30.625999
0.062500	-30.504101
0.062600	-30.345600
0.062700	-30.040899
0.062800	-29.723900
0.062900	-30.101801
0.063000	-29.833599
0.063100	-29.163200
0.063200	-28.992500
0.063300	-29.346001
0.063400	-29.407000
0.063500	-29.114401
0.063600	-29.199800
0.063700	-29.260700
0.063800	-29.187599
0.063900	-29.333900
0.064000	-29.187599
0.064100	-29.029100
0.064200	-29.150999
0.064300	-29.004700
0.064400	-28.834101
0.064500	-28.834101
0.064600	-29.138800
0.064700	-29.260700
0.064800	-28.895000
0.064900	-28.626801
0.065000	-29.029100
0.065100	-29.699600
0.065200	-29.943399
0.065300	-29.516701
0.065400	-29.029100
0.065500	-28.858400
0.065600	-28.444000
0.065700	-28.468399
0.065800	-29.906799
0.065900	-29.992100
0.066000	-28.297701
0.066100	-28.456200
0.066200	-28.700001
0.066300	-27.554100
0.066400	-26.444799
0.066500	-26.237600
0.066600	-26.335100
0.066700	-26.054701
0.066800	-25.591499
0.066900	-25.225800
0.067000	-24.945499
0.067100	-24.579800
0.067200	-24.323799
0.067300	-24.250601
0.067400	-24.116501
0.067500	-23.799601
0.067600	-23.531401
0.067700	-23.421700
0.067800	-23.141300
0.067900	-22.934099
0.068000	-23.104799
0.068100	-23.312000
0.068200	-21.520100
0.068300	-18.874800
0.068400	-17.972799
0.068500	-17.911800
0.068600	-18.338499
0.068700	-19.557501
0.068800	-21.666300
0.068900	-24.018999
0.069000	-25.615900
0.069100	-25.457399
0.069200	-24.872299
0.069300	-24.896700
0.069400	-24.482201
0.069500	-23.385099
0.069600	-22.629400
0.069700	-22.653700
0.069800	-22.751301
0.069900	-22.873199
0.070000	-23.043800
0.070100	-22.775600
0.070200	-22.251499
0.070300	-21.763901
0.070400	-21.081200
0.070500	-20.240101
0.070600	-19.338100
0.070700	-18.618799
0.070800	-18.070299
0.070900	-17.692400
0.071000	-17.473000
0.071100	-16.973200
0.071200	-16.156500
0.071300	-15.729800
0.071400	-16.095501
0.071500	-16.302700
0.071600	-16.058901
0.071700	-15.498200
0.071800	-15.291000
0.071900	-15.120300
0.072000	-15.083700
0.072100	-15.169100
0.072200	-15.254400
0.072300	-15.169100
0.072400	-15.010600
0.072500	-14.510800
0.072600	-14.864300
0.072700	-15.412900
0.072800	-14.949700
0.072900	-14.449900
0.073000	-14.437700
0.073100	-14.437700
0.073200	-14.401100
0.073300	-14.157300
0.073400	-14.096400
0.073500	-14.047600
0.073600	-14.011000
0.073700	-13.950100
0.073800	-13.864700
0.073900	-13.669700
0.074000	-13.572200
0.074100	-13.596600
0.074200	-13.499000
0.074300	-13.243100
0.074400	-12.999300
0.074500	-12.828600
0.074600	-12.694500
0.074700	-12.389800
0.074800	-12.280000
0.074900	-12.523800
0.075000	-12.840800
0.075100	-12.548200
0.075200	-11.890000
0.075300	-11.719300
0.075400	-12.243500
0.075500	-12.487300
0.075600	-12.328800
0.075700	-12.292200
0.075800	-12.389800
0.075900	-12.206900
0.076000	-11.999700
0.076100	-12.097200
0.076200	-12.121600
0.076300	-11.743700
0.076400	-11.402400
0.076500	-11.438900
0.076600	-11.731500
0.076700	-11.902200
0.076800	-11.987500
0.076900	-11.780300
0.077000	-11.707100
0.077100	-11.804600
0.077200	-11.865600
0.077300	-11.963100
0.077400	-11.816800
0.077500	-11.780300
0.077600	-11.963100
0.077700	-11.597400
0.077800	-11.292700
0.077900	-11.512100
0.078000	-11.780300
0.078100	-11.536500
0.078200	-11.378000
0.078300	-11.585200
0.078400	-11.743700
0.078500	-11.865600
0.078600	-11.902200
0.078700	-11.914300
0.078800	-11.670500
0.078900	-11.975300
0.079000	-12.438500
0.079100	-11.999700
0.079200	-11.658400
0.079300	-11.816800
0.079400	-12.097200
0.079500	-12.109400
0.079600	-12.048400
0.079700	-12.085000
0.079800	-12.219100
0.079900	-12.267900
0.080000	-12.219100
0.080100	-12.426300
0.080200	-12.657900
0.080300	-12.597000
0.080400	-12.511700
0.080500	-12.536000
0.080600	-12.523800
0.080700	-12.536000
0.080800	-12.536000
0.080900	-12.706700
0.081000	-12.889500
0.081100	-12.901700
0.081200	-12.974900
0.081300	-13.169900
0.081400	-13.340600
0.081500	-13.316200
0.081600	-13.291800
0.081700	-13.401500
0.081800	-13.547800
0.081900	-13.950100
0.082000	-14.242600
0.082100	-13.998800
0.082200	-13.925700
0.082300	-14.486400
0.082400	-14.486400
0.082500	-14.340200
0.082600	-14.328000
0.082700	-14.279200
0.082800	-14.193900
0.082900	-14.157300
0.083000	-14.242600
0.083100	-14.388900
0.083200	-14.498600
0.083300	-14.535200
0.083400	-14.523000
0.083500	-14.596100
0.083600	-14.730200
0.083700	-14.718000
0.083800	-14.535200
0.083900	-14.242600
0.084000	-14.230400
0.084100	-14.425500
0.084200	-14.559600
0.084300	-14.669300
0.084400	-14.693700
0.084500	-14.352300
0.084600	-14.059800
0.084700	-14.254800
0.084800	-14.779000
0.084900	-14.961800
0.085000	-14.986200
0.085100	-15.169100
0.085200	-15.534800
0.085300	-15.778600
0.085400	-15.827300
0.085500	-15.839500
0.085600	-15.888300
0.085700	-15.912700
0.085800	-15.815100
0.085900	-15.790800
0.086000	-15.803000
0.086100	-15.778600
0.086200	-15.851700
0.086300	-15.998000
0.086400	-16.010201
0.086500	-15.803000
0.086600	-15.534800
0.086700	-15.766400
0.086800	-15.949200
0.086900	-15.998000
0.087000	-16.339300
0.087100	-16.510000
0.087200	-16.510000
0.087300	-16.680599
0.087400	-16.924400
0.087500	-16.826900
0.087600	-16.717199
0.087700	-16.729401
0.087800	-16.583099
0.087900	-16.266199
0.088000	-16.193001
0.088100	-16.193001
0.088200	-16.107700
0.088300	-16.119900
0.088400	-16.095501
0.088500	-15.998000
0.088600	-15.754200
0.088700	-15.486000
0.088800	-15.278800
0.088900	-15.205600
0.089000	-15.144700
0.089100	-15.010600
0.089200	-14.754600
0.089300	-14.913100
0.089400	-15.217800
0.089500	-14.961800
0.089600	-14.681500
0.089700	-14.669300
0.089800	-14.742400
0.089900	-14.571800
0.090000	-14.437700
0.090100	-14.340200
0.090200	-14.218300
0.090300	-14.096400
0.090400	-13.901300
0.090500	-13.718500
0.090600	-13.584400
0.090700	-13.584400
0.090800	-13.608800
0.090900	-13.657500
0.091000	-13.803800
0.091100	-13.937900
0.091200	-13.913500
0.091300	-13.730700
0.091400	-13.535600
0.091500	-13.328400
0.091600	-13.279600
0.091700	-13.109000
0.091800	-12.853000
0.091900	-13.267400
0.092000	-13.438100
0.092100	-13.060200
0.092200	-12.597000
0.092300	-12.597000
0.092400	-12.731100
0.092500	-12.767600
0.092600	-12.792000
0.092700	-13.267400
0.092800	-13.450300
0.092900	-12.889500
0.093000	-12.792000
0.093100	-12.950500
0.093200	-12.718900
0.093300	-12.389800
0.093400	-12.182500
0.093500	-12.097200
0.093600	-11.975300
0.093700	-11.780300
0.093800	-11.768100
0.093900	-11.780300
0.094000	-11.999700
0.094100	-12.170300
0.094200	-12.109400
0.094300	-11.890000
0.094400	-11.487700
0.094500	-11.158600
0.094600	-11.268300
0.094700	-11.524300
0.094800	-11.487700
0.094900	-11.378000
0.095000	-11.317000
0.095100	-11.390200
0.095200	-11.438900
0.095300	-11.146400
0.095400	-10.914800
0.095500	-10.878200
0.095600	-11.085400
0.095700	-11.134200
0.095800	-10.792900
0.095900	-10.512500
0.096000	-10.780700
0.096100	-10.853800
0.096200	-10.646600
0.096300	-10.134600
0.096400	-10.049300
0.096500	-10.219900
0.096600	-10.244300
0.096700	-9.939560
0.096800	-9.781090
0.096900	-9.878610
0.097000	-10.061500
0.097100	-10.073700
0.097200	-10.159000
0.097300	-10.195600
0.097400	-9.854230
0.097500	-9.610430
0.097600	-9.573860
0.097700	-9.342250
0.097800	-9.122830
0.097900	-9.269110
0.098000	-9.317870
0.098100	-9.195970
0.098200	-9.135020
0.098300	-9.232540
0.098400	-9.183780
0.098500	-8.818080
0.098600	-8.647420
0.098700	-8.732750
0.098800	-8.842460
0.098900	-8.744940
0.099000	-8.696180
0.099100	-8.854650
0.099200	-8.744940
0.099300	-8.586470
0.099400	-8.696180
0.099500	-8.793700
0.099600	-8.757130
0.099700	-8.671800
0.099800	-8.574280
0.099900	-8.488950
0.100000	-8.415810
0.100100	-8.330480
0.100200	-8.330480
0.100300	-8.391430
0.100400	-8.111060
0.100500	-7.952590
0.100600	-8.135440
0.100700	-7.635650
0.100800	-7.172430
0.100900	-7.464990
0.101000	-7.623460
0.101100	-7.269950
0.101200	-7.087100
0.101300	-7.525940
0.101400	-7.928210
0.101500	-8.293910
0.101600	-8.208580
0.101700	-7.806310
0.101800	-7.916020
0.101900	-7.952590
0.102000	-7.684410
0.102100	-7.513750
0.102200	-7.720980
0.102300	-8.159820
0.102400	-8.050110
0.102500	-7.708790
0.102600	-7.672220
0.102700	-7.574700
0.102800	-7.586890
0.102900	-7.733170
0.103000	-7.672220
0.103100	-7.501560
0.103200	-7.318710
0.103300	-7.184620
0.103400	-7.050530
0.103500	-6.904250
0.103600	-6.879870
0.103700	-7.111480
0.103800	-7.245570
0.103900	-7.306520
0.104000	-7.416230
0.104100	-7.318710
0.104200	-7.233380
0.104300	-7.367470
0.104400	-7.343090
0.104500	-7.050530
0.104600	-6.953010
0.104700	-7.111480
0.104800	-7.087100
0.104900	-7.135860
0.105000	-7.148050
0.105100	-6.965200
0.105200	-6.831110
0.105300	-6.636070
0.105400	-6.587310
0.105500	-6.660450
0.105600	-6.636070
0.105700	-6.526360
0.105800	-6.343510
0.105900	-6.050950
0.106000	-5.941240
0.106100	-5.794960
0.106200	-5.916860
0.106300	-6.282560
0.106400	-6.075330
0.106500	-5.587730
0.106600	-5.404880
0.106700	-5.855910
0.106800	-6.160660
0.106900	-6.002190
0.107000	-5.758390
0.107100	-5.709630
0.107200	-5.746200
0.107300	-5.734010
0.107400	-5.441450
0.107500	-5.234220
0.107600	-5.343930
0.107700	-5.441450
0.107800	-5.331740
0.107900	-5.282980
0.108000	-5.148890
0.108100	-4.978230
0.108200	-5.002610
0.108300	-5.087940
0.108400	-5.100130
0.108500	-4.978230
0.108600	-4.831950
0.108700	-4.783190
0.108800	-4.807570
0.108900	-4.856330
0.109000	-4.880710
0.109100	-4.771000
0.109200	-4.515010
0.109300	-4.539390
0.109400	-4.771000
0.109500	-4.661290
0.109600	-4.344350
0.109700	-4.283400
0.109800	-4.417490
0.109900	-4.441870
0.110000	-4.393110
0.110100	-4.319970
0.110200	-4.210260
0.110300	-4.039600
0.110400	-3.978650
0.110500	-3.942080
0.110600	-3.868940
0.110700	-3.942080
0.110800	-4.039600
0.110900	-3.893320
0.111000	-3.881130
0.111100	-4.051790
0.111200	-4.076170
0.111300	-3.954270
0.111400	-3.868940
0.111500	-3.832370
0.111600	-3.783610
0.111700	-3.820180
0.111800	-3.832370
0.111900	-3.771420
0.112000	-3.661710
0.112100	-3.673900
0.112200	-3.588570
0.112300	-3.539810
0.112400	-3.405720
0.112500	-3.356960
0.112600	-3.271630
0.112700	-3.186300
0.112800	-3.174110
0.112900	-3.320390
0.113000	-3.271630
0.113100	-2.942500
0.113200	-2.991260
0.113300	-3.052210
0.113400	-2.905930
0.113500	-2.759650
0.113600	-2.759650
0.113700	-2.759650
0.113800	-2.564610
0.113900	-2.540230
0.114000	-2.552420
0.114100	-2.576800
0.114200	-2.613370
0.114300	-2.564610
0.114400	-2.564610
0.114500	-2.564610
0.114600	-2.479280
0.114700	-2.491470
0.114800	-2.491470
0.114900	-2.515850
0.115000	-2.625560
0.115100	-2.601180
0.115200	-2.576800
0.115300	-2.540230
0.115400	-2.418330
0.115500	-2.393950
0.115600	-2.418330
0.115700	-2.284240
0.115800	-2.211100
0.115900	-2.333000
0.116000	-2.320810
0.116100	-2.186720
0.116200	-1.967300
0.116300	-1.845400
0.116400	-1.796640
0.116500	-1.723500
0.116600	-1.711310
0.116700	-1.760070
0.116800	-1.942920
0.116900	-2.016060
0.117000	-2.040440
0.117100	-2.064820
0.117200	-2.137960
0.117300	-2.137960
0.117400	-2.077010
0.117500	-2.101390
0.117600	-2.077010
0.117700	-1.930730
0.117800	-1.881970
0.117900	-1.857590
0.118000	-1.772260
0.118100	-1.589410
0.118200	-1.589410
0.118300	-1.650360
0.118400	-1.516270
0.118500	-1.321230
0.118600	-1.248090
0.118700	-1.418750
0.118800	-1.540650
0.118900	-1.577220
0.119000	-1.613790
0.119100	-1.662550
0.119200	-1.589410
0.119300	-1.613790
0.119400	-1.589410
0.119500	-1.552840
0.119600	-1.552840
0.119700	-1.589410
0.119800	-1.601600
0.119900	-1.504080
0.120000	-1.491890
0.120100	-1.491890
0.120200	-1.430940
0.120300	-1.272470
0.120400	-1.150570
0.120500	-1.138380
0.120600	-1.089620
0.120700	-1.004290
0.120800	-0.967723
0.120900	-0.967723
0.121000	-1.150570
0.121100	-1.187140
0.121200	-1.199330
0.121300	-1.126190
0.121400	-1.199330
0.121500	-1.162760
0.121600	-1.211520
0.121700	-1.199330
0.121800	-1.223710
0.121900	-1.199330
0.122000	-1.126190
0.122100	-1.126190
0.122200	-1.126190
0.122300	-1.101810
0.122400	-1.053050
0.122500	-0.858013
0.122600	-0.650783
0.122700	-0.882393
0.122800	-0.979913
0.122900	-0.833633
0.123000	-0.736113
0.123100	-0.797063
0.123200	-0.833633
0.123300	-0.870203
0.123400	-0.809253
0.123500	-0.821443
0.123600	-0.736113
0.123700	-0.687353
0.123800	-0.699543
0.123900	-0.687353
0.124000	-0.589833
0.124100	-0.565453
0.124200	-0.553263
0.124300	-0.480123
0.124400	-0.467933
0.124500	-0.467933
0.124600	-0.419173
0.124700	-0.224133
0.124800	-0.272893
0.124900	-0.382603
0.125000	-0.455743
0.125100	-0.455743
0.125200	-0.394793
0.125300	-0.419173
0.125400	-0.443553
0.125500	-0.370413
0.125600	-0.370413
0.125700	-0.321653
0.125800	-0.285083
0.125900	-0.224133
0.126000	-0.199753
0.126100	-0.175373
0.126200	-0.199753
0.126300	-0.224133
0.126400	-0.272893
0.126500	-0.321653
0.126600	-0.346033
0.126700	-0.224133
0.126800	-0.114423
0.126900	-0.163183
0.127000	-0.175373
0.127100	-0.175373
0.127200	-0.163183
0.127300	-0.065664
0.127400	0.019667
0.127500	-0.016903
0.127600	0.044046
0.127700	0.044046
0.127800	-0.016903
0.127900	0.031856
0.128000	-0.053473
0.128100	-0.053473
0.128200	0.019667
0.128300	0.044046
0.128400	0.068426
0.128500	0.117187
0.128600	0.117187
0.128700	0.141567
0.128800	0.190327
0.128900	0.214707
0.129000	0.251277
0.129100	0.165947
0.129200	0.153757
0.129300	0.178137
0.129400	0.165947
0.129500	0.202517
0.129600	0.226897
0.129700	0.239087
0.129800	0.324417
0.129900	0.312227
0.130000	0.263467
0.130100	0.287847
0.130200	0.348797
0.130300	0.385367
0.130400	0.373177
0.130500	0.312227
0.130600	0.300037
0.130700	0.336607
0.130800	0.336607
0.130900	0.409747
0.131000	0.434127
0.131100	0.336607
0.131200	0.360987
0.131300	0.434127
0.131400	0.409747
0.131500	0.458507
0.131600	0.507267
0.131700	0.592597
0.131800	0.507267
0.131900	0.507267
0.132000	0.458507
0.132100	0.482887
0.132200	0.470697
0.132300	0.507267
0.132400	0.434127
0.132500	0.360987
0.132600	0.324417
0.132700	0.300037
0.132800	0.336607
0.132900	0.324417
0.133000	0.373177
0.133100	0.421937
0.133200	0.446317
0.133300	0.373177
0.133400	0.409747
0.133500	0.519457
0.133600	0.531647
0.133700	0.556027
0.133800	0.568217
0.133900	0.592597
0.134000	0.616977
0.134100	0.690117
0.134200	0.677927
0.134300	0.665737
0.134400	0.726687
0.134500	0.763257
0.134600	0.970487
0.134700	0.909537
0.134800	0.592597
0.134900	0.507267
0.135000	0.568217
0.135100	0.616977
0.135200	0.641357
0.135300	0.604787
0.135400	0.543837
0.135500	0.604787
0.135600	0.714497
0.135700	0.507267
0.135800	0.239087
0.135900	0.300037
0.136000	0.385367
0.136100	0.178137
0.136200	0.104997
0.136300	0.336607
0.136400	0.482887
0.136500	0.409747
0.136600	0.360987
0.136700	0.360987
0.136800	0.421937
0.136900	0.458507
0.137000	0.458507
0.137100	0.397557
0.137200	0.312227
0.137300	0.336607
0.137400	0.470697
0.137500	0.495077
0.137600	0.495077
0.137700	0.470697
0.137800	0.446317
0.137900	0.482887
0.138000	0.580407
0.138100	0.507267
0.138200	0.421937
0.138300	0.397557
0.138400	0.531647
0.138500	0.592597
0.138600	0.421937
0.138700	0.251277
0.138800	0.470697
0.138900	0.653547
0.139000	0.702307
0.139100	0.568217
0.139200	0.543837
0.139300	0.507267
0.139400	0.482887
0.139500	0.385367
0.139600	0.397557
0.139700	0.336607
0.139800	0.348797
0.139900	0.397557
0.140000	0.507267
0.140100	0.531647
0.140200	0.604787
0.140300	0.495077
0.140400	0.312227
0.140500	0.385367
0.140600	0.397557
0.140700	0.348797
0.140800	0.324417
0.140900	0.312227
0.141000	0.421937
0.141100	0.495077
0.141200	0.470697
0.141300	0.336607
0.141400	0.336607
0.141500	0.482887
0.141600	0.629167
0.141700	0.556027
0.141800	0.385367
0.141900	0.385367
0.142000	0.519457
0.142100	0.568217
0.142200	0.507267
0.142300	0.421937
0.142400	0.507267
0.142500	0.641357
0.142600	0.763257
0.142700	0.616977
0.142800	0.482887
0.142900	0.482887
0.143000	0.616977
0.143100	0.677927
0.143200	0.616977
0.143300	0.519457
0.143400	0.482887
0.143500	0.714497
0.143600	0.824207
0.143700	0.665737
0.143800	0.580407
0.143900	0.690117
0.144000	0.933917
0.144100	0.921727
0.144200	0.690117
0.144300	0.580407
0.144400	0.751067
0.144500	0.897347
0.144600	0.751067
0.144700	0.653547
0.144800	0.812017
0.144900	1.031440
0.145000	0.946107
0.145100	0.726687
0.145200	0.714497
0.145300	0.799827
0.145400	0.824207
0.145500	1.104580
0.145600	0.885157
0.145700	0.751067
0.145800	0.738877
0.145900	0.738877
0.146000	0.921727
0.146100	0.946107
0.146200	0.812017
0.146300	0.958297
0.146400	1.007060
0.146500	0.897347
0.146600	0.897347
0.146700	0.994867
0.146800	0.921727
0.146900	0.921727
0.147000	1.031440
0.147100	1.007060
0.147200	1.007060
0.147300	1.055820
0.147400	0.982677
0.147500	0.994867
0.147600	1.068010
0.147700	1.019250
0.147800	1.104580
0.147900	1.055820
0.148000	1.092390
0.148100	1.141150
0.148200	1.104580
0.148300	1.141150
0.148400	1.189910
0.148500	1.202100
0.148600	1.189910
0.148700	1.214290
0.148800	1.238670
0.148900	1.238670
0.149000	1.202100
0.149100	1.202100
0.149200	1.275240
0.149300	1.275240
0.149400	1.263050
0.149500	1.360570
0.149600	1.372760
0.149700	1.421520
0.149800	1.421520
0.149900	1.445900
0.150000	1.494660
0.150100	1.482470
0.150200	1.470280
0.150300	1.458090
0.150400	1.567800
0.150500	1.640940
0.150600	1.579990
0.150700	1.604370
0.150800	1.701890
0.150900	1.653130
0.151000	1.628750
0.151100	1.677510
0.151200	1.811600
0.151300	1.823790
0.151400	1.738460
0.151500	1.701890
0.151600	1.799410
0.151700	1.848170
0.151800	1.616560
0.151900	1.628750
0.152000	1.787220
0.152100	1.823790
0.152200	1.665320
0.152300	1.701890
0.152400	1.835980
0.152500	1.750650
0.152600	1.628750
0.152700	1.604370
0.152800	1.775030
0.152900	1.787220
0.153000	1.750650
0.153100	1.787220
0.153200	1.811600
0.153300	1.775030
0.153400	1.799410
0.153500	1.835980
0.153600	1.872550
0.153700	1.860360
0.153800	1.762840
0.153900	1.823790
0.154000	1.933500
0.154100	1.945690
0.154200	1.945690
0.154300	1.848170
0.154400	1.994450
0.154500	2.165110
0.154600	2.189490
0.154700	2.140730
0.154800	2.177300
0.154900	2.213870
0.155000	2.287010
0.155100	2.323580
0.155200	2.299200
0.155300	2.360150
0.155400	2.335770
0.155500	2.360150
0.155600	2.360150
0.155700	2.335770
0.155800	2.384530
0.155900	2.433290
0.156000	2.433290
0.156100	2.518620
0.156200	2.530810
0.156300	2.457670
0.156400	2.506430
0.156500	2.530810
0.156600	2.506430
0.156700	2.567380
0.156800	2.506430
0.156900	2.530810
0.157000	2.555190
0.157100	2.628330
0.157200	2.689280
0.157300	2.701470
0.157400	2.725850
0.157500	2.798990
0.157600	2.774610
0.157700	2.750230
0.157800	2.823370
0.157900	2.847750
0.158000	2.835560
0.158100	2.872130
0.158200	2.908700
0.158300	2.811180
0.158400	2.811180
0.158500	2.823370
0.158600	2.896510
0.158700	2.859940
0.158800	2.738040
0.158900	2.701470
0.159000	2.701470
0.159100	2.762420
0.159200	2.859940
0.159300	2.896510
0.159400	2.896510
0.159500	3.006220
0.159600	3.006220
0.159700	3.018410
0.159800	3.054980
0.159900	3.176880
0.160000	3.189070
0.160100	3.213450
0.160200	3.250020
0.160300	3.298780
0.160400	3.408490
0.160500	3.432870
0.160600	3.457250
0.160700	3.457250
0.160800	3.530390
0.160900	3.554770
0.161000	3.506010
0.161100	3.530390
0.161200	3.615720
0.161300	3.652290
0.161400	3.786380
0.161500	3.810760
0.161600	3.652290
0.161700	3.676670
0.161800	3.737620
0.161900	3.725430
0.162000	3.676670
0.162100	3.762000
0.162200	3.920470
0.162300	3.969230
0.162400	4.078940
0.162500	4.213030
0.162600	4.310550
0.162700	4.359310
0.162800	4.347120
0.162900	4.225220
0.163000	4.176460
0.163100	4.298360
0.163200	4.493400
0.163300	4.590920
0.163400	4.529970
0.163500	4.493400
0.163600	4.481210
0.163700	4.615300
0.163800	4.603110
0.163900	4.688440
0.164000	4.834720
0.164100	5.163850
0.164200	5.383270
0.164300	5.273560
0.164400	5.297940
0.164500	5.236990
0.164600	4.944430
0.164700	4.676250
0.164800	4.529970
0.164900	4.481210
0.165000	4.554350
0.165100	4.615300
0.165200	4.798150
0.165300	4.907860
0.165400	4.968810
0.165500	5.029760
0.165600	5.005380
0.165700	5.102900
0.165800	5.115090
0.165900	5.188230
0.166000	5.176040
0.166100	5.163850
0.166200	5.212610
0.166300	5.212610
0.166400	5.285750
0.166500	5.358890
0.166600	5.505170
0.166700	5.529550
0.166800	5.602690
0.166900	5.712400
0.167000	5.785540
0.167100	5.797730
0.167200	5.895250
0.167300	5.980580
0.167400	5.968390
0.167500	5.980580
0.167600	5.992770
0.167700	5.956200
0.167800	6.041530
0.167900	5.931820
0.168000	5.846490
0.168100	5.956200
0.168200	5.992770
0.168300	5.907440
0.168400	5.919630
0.168500	5.919630
0.168600	5.846490
0.168700	5.870870
0.168800	6.004960
0.168900	5.992770
0.169000	6.065910
0.169100	6.090290
0.169200	6.017150
0.169300	6.041530
0.169400	6.017150
0.169500	6.163430
0.169600	6.309710
0.169700	6.358470
0.169800	6.419420
0.169900	6.468180
0.170000	6.480370
0.170100	6.480370
0.170200	6.614460
0.170300	6.687600
0.170400	6.602270
0.170500	6.565700
0.170600	6.602270
0.170700	6.651030
0.170800	6.748550
0.170900	6.772930
0.171000	6.711980
0.171100	6.699790
0.171200	6.724170
0.171300	6.772930
0.171400	6.858260
0.171500	6.870450
0.171600	6.894830
0.171700	6.943590
0.171800	6.894830
0.171900	6.943590
0.172000	7.053300
0.172100	7.248340
0.172200	7.297100
0.172300	7.211770
0.172400	7.199580
0.172500	7.260530
0.172600	7.309290
0.172700	7.284910
0.172800	7.358050
0.172900	7.467760
0.173000	7.504330
0.173100	7.540900
0.173200	7.540900
0.173300	7.565280
0.173400	7.528710
0.173500	7.626230
0.173600	7.723750
0.173700	7.699370
0.173800	7.662800
0.173900	7.638420
0.174000	7.760320
0.174100	7.870030
0.174200	7.784700
0.174300	7.662800
0.174400	7.626230
0.174500	7.626230
0.174600	7.748130
0.174700	7.784700
0.174800	7.845650
0.174900	7.870030
0.175000	7.857840
0.175100	7.930980
0.175200	7.967550
0.175300	7.833460
0.175400	7.821270
0.175500	7.943170
0.175600	8.016310
0.175700	7.979740
0.175800	8.016310
0.175900	8.162590
0.176000	8.077260
0.176100	7.991930
0.176200	8.028500
0.176300	8.113830
0.176400	8.065070
0.176500	8.052880
0.176600	8.235730
0.176700	8.308870
0.176800	8.150400
0.176900	8.174780
0.177000	8.345440
0.177100	8.296680
0.177200	8.186970
0.177300	8.308870
0.177400	8.394200
0.177500	8.223540
0.177600	8.150400
0.177700	8.406390
0.177800	8.369820
0.177900	8.223540
0.178000	8.284490
0.178100	8.455150
0.178200	8.272300
0.178300	8.174780
0.178400	8.357630
0.178500	8.406390
0.178600	8.223540
0.178700	8.333250
0.178800	8.528290
0.178900	8.430770
0.179000	8.333250
0.179100	8.369820
0.179200	8.528290
0.179300	8.430770
0.179400	8.333250
0.179500	8.369820
0.179600	8.430770
0.179700	8.296680
0.179800	8.272300
0.179900	8.382010
0.180000	8.333250
0.180100	8.162590
0.180200	8.186970
0.180300	8.174780
0.180400	8.089450
0.180500	7.943170
0.180600	7.845650
0.180700	8.284490
0.180800	8.503910
0.180900	8.272300
0.181000	8.101640
0.181100	8.235730
0.181200	8.333250
0.181300	8.235730
0.181400	8.174780
0.181500	8.211350
0.181600	8.235730
0.181700	8.223540
0.181800	8.235730
0.181900	8.150400
0.182000	8.052880
0.182100	8.138210
0.182200	8.186970
0.182300	8.126020
0.182400	8.040690
0.182500	8.126020
0.182600	8.162590
0.182700	8.040690
0.182800	7.906600
0.182900	7.979740
0.183000	7.906600
0.183100	7.870030
0.183200	7.735940
0.183300	7.796890
0.183400	7.918790
0.183500	8.028500
0.183600	7.930980
0.183700	7.772510
0.183800	7.638420
0.183900	7.638420
0.184000	7.784700
0.184100	7.845650
0.184200	7.833460
0.184300	7.979740
0.184400	7.943170
0.184500	7.967550
0.184600	7.930980
0.184700	7.955360
0.184800	7.979740
0.184900	7.967550
0.185000	7.894410
0.185100	7.882220
0.185200	7.882220
0.185300	7.870030
0.185400	7.918790
0.185500	7.906600
0.185600	7.821270
0.185700	7.845650
0.185800	7.796890
0.185900	7.821270
0.186000	7.772510
0.186100	7.772510
0.186200	7.711560
0.186300	7.601850
0.186400	7.614040
0.186500	7.589660
0.186600	7.577470
0.186700	7.479950
0.186800	7.419000
0.186900	7.370240
0.187000	7.321480
0.187100	7.333670
0.187200	7.394620
0.187300	7.492140
0.187400	7.419000
0.187500	7.467760
0.187600	7.528710
0.187700	7.492140
0.187800	7.431190
0.187900	7.382430
0.188000	7.394620
0.188100	7.358050
0.188200	7.345860
0.188300	7.248340
0.188400	7.199580
0.188500	7.175200
0.188600	7.175200
0.188700	7.150820
0.188800	7.016730
0.188900	6.992350
0.189000	7.028920
0.189100	7.004540
0.189200	7.065490
0.189300	7.163010
0.189400	7.163010
0.189500	7.163010
0.189600	7.163010
0.189700	7.211770
0.189800	7.272720
0.189900	7.260530
0.190000	7.223960
0.190100	7.223960
0.190200	7.199580
0.190300	7.199580
0.190400	7.114250
0.190500	7.053300
0.190600	7.053300
0.190700	7.004540
0.190800	7.114250
0.190900	7.126440
0.191000	7.102060
0.191100	7.126440
0.191200	7.089870
0.191300	7.016730
0.191400	6.894830
0.191500	6.760740
0.191600	6.675410
0.191700	6.651030
0.191800	6.590080
0.191900	6.480370
0.192000	6.382850
0.192100	6.382850
0.192200	6.443800
0.192300	6.577890
0.192400	6.614460
0.192500	6.626650
0.192600	6.711980
0.192700	6.711980
0.192800	6.748550
0.192900	6.772930
0.193000	6.711980
0.193100	6.565700
0.193200	6.468180
0.193300	6.370660
0.193400	6.309710
0.193500	6.187810
0.193600	6.065910
0.193700	6.114670
0.193800	6.029340
0.193900	5.895250
0.194000	5.931820
0.194100	6.065910
0.194200	5.992770
0.194300	5.968390
0.194400	6.041530
0.194500	6.175620
0.194600	6.187810
0.194700	6.200000
0.194800	6.260950
0.194900	6.334090
0.195000	6.419420
0.195100	6.431610
0.195200	6.431610
0.195300	6.443800
0.195400	6.431610
0.195500	6.431610
0.195600	6.395040
0.195700	6.455990
0.195800	6.504750
0.195900	6.480370
0.196000	6.492560
0.196100	6.455990
0.196200	6.480370
0.196300	6.407230
0.196400	6.358470
0.196500	6.309710
0.196600	6.285330
0.196700	6.248760
0.196800	6.224380
0.196900	6.187810
0.197000	6.187810
0.197100	6.175620
0.197200	6.090290
0.197300	6.078100
0.197400	6.041530
0.197500	5.944010
0.197600	5.944010
0.197700	5.931820
0.197800	5.919630
0.197900	5.748970
0.198000	5.407650
0.198100	5.334510
0.198200	5.358890
0.198300	5.261370
0.198400	5.115090
0.198500	5.139470
0.198600	5.383270
0.198700	5.590500
0.198800	5.688020
0.198900	5.761160
0.199000	5.773350
0.199100	5.919630
0.199200	5.931820
0.199300	5.883060
0.199400	5.992770
0.199500	6.041530
0.199600	5.968390
0.199700	5.846490
0.199800	5.809920
0.199900	5.773350
0.200000	5.809920
0.200100	5.736780
0.200200	5.663640
0.200300	5.590500
0.200400	5.517360
0.200500	5.541740
0.200600	5.578310
0.200700	5.529550
0.200800	5.480790
0.200900	5.480790
0.201000	5.432030
0.201100	5.456410
0.201200	5.566120
0.201300	5.419840
0.201400	5.395460
0.201500	5.383270
0.201600	5.456410
0.201700	5.395460
0.201800	5.407650
0.201900	5.395460
0.202000	5.358890
0.202100	5.346700
0.202200	5.371080
0.202300	5.419840
0.202400	5.395460
0.202500	5.334510
0.202600	5.346700
0.202700	5.346700
0.202800	5.310130
0.202900	5.261370
0.203000	5.212610
0.203100	5.249180
0.203200	5.212610
0.203300	5.188230
0.203400	5.212610
0.203500	5.224800
0.203600	5.261370
0.203700	5.188230
0.203800	5.115090
0.203900	5.090710
0.204000	5.188230
0.204100	5.236990
0.204200	5.151660
0.204300	5.054140
0.204400	5.041950
0.204500	5.041950
0.204600	5.054140
0.204700	5.029760
0.204800	5.005380
0.204900	5.102900
0.205000	5.115090
0.205100	4.993190
0.205200	5.005380
0.205300	5.054140
0.205400	5.054140
0.205500	5.066330
0.205600	5.066330
0.205700	4.968810
0.205800	4.993190
0.205900	4.993190
0.206000	4.920050
0.206100	4.907860
0.206200	4.859100
0.206300	4.846910
0.206400	4.810340
0.206500	4.798150
0.206600	4.859100
0.206700	4.834720
0.206800	4.785960
0.206900	4.737200
0.207000	4.761580
0.207100	4.712820
0.207200	4.725010
0.207300	4.712820
0.207400	4.749390
0.207500	4.725010
0.207600	4.700630
0.207700	4.688440
0.207800	4.676250
0.207900	4.639680
0.208000	4.615300
0.208100	4.517780
0.208200	4.505590
0.208300	4.493400
0.208400	4.529970
0.208500	4.432450
0.208600	4.481210
0.208700	4.505590
0.208800	4.578730
0.208900	4.481210
0.209000	4.444640
0.209100	4.493400
0.209200	4.517780
0.209300	4.432450
0.209400	4.420260
0.209500	4.347120
0.209600	4.310550
0.209700	4.334930
0.209800	4.261790
0.209900	4.188650
0.210000	4.213030
0.210100	4.298360
0.210200	4.237410
0.210300	4.200840
0.210400	4.200840
0.210500	4.164270
0.210600	4.176460
0.210700	4.188650
0.210800	4.176460
0.210900	4.127700
0.211000	4.188650
0.211100	4.054560
0.211200	3.944850
0.211300	3.932660
0.211400	3.896090
0.211500	3.871710
0.211600	3.908280
0.211700	3.896090
0.211800	3.932660
0.211900	3.944850
0.212000	3.944850
0.212100	3.871710
0.212200	3.822950
0.212300	3.762000
0.212400	3.737620
0.212500	3.664480
0.212600	3.701050
0.212700	3.664480
0.212800	3.627910
0.212900	3.627910
0.213000	3.640100
0.213100	3.627910
0.213200	3.603530
0.213300	3.591340
0.213400	3.591340
0.213500	3.603530
0.213600	3.566960
0.213700	3.554770
0.213800	3.506010
0.213900	3.493820
0.214000	3.445060
0.214100	3.506010
0.214200	3.469440
0.214300	3.469440
0.214400	3.420680
0.214500	3.432870
0.214600	3.493820
0.214700	3.457250
0.214800	3.432870
0.214900	3.371920
0.215000	3.286590
0.215100	3.250020
0.215200	3.250020
0.215300	3.189070
0.215400	3.201260
0.215500	3.274400
0.215600	3.250020
0.215700	3.176880
0.215800	3.176880
0.215900	3.164690
0.216000	3.128120
0.216100	3.079360
0.216200	3.103740
0.216300	3.067170
0.216400	3.006220
0.216500	3.006220
0.216600	3.079360
0.216700	2.981840
0.216800	3.018410
0.216900	2.957460
0.217000	2.847750
0.217100	2.884320
0.217200	2.872130
0.217300	2.933080
0.217400	2.969650
0.217500	2.920890
0.217600	2.896510
0.217700	2.884320
0.217800	2.835560
0.217900	2.811180
0.218000	2.823370
0.218100	2.750230
0.218200	2.750230
0.218300	2.762420
0.218400	2.701470
0.218500	2.664900
0.218600	2.628330
0.218700	2.603950
0.218800	2.591760
0.218900	2.555190
0.219000	2.543000
0.219100	2.518620
0.219200	2.457670
0.219300	2.408910
0.219400	2.469860
0.219500	2.457670
0.219600	2.433290
0.219700	2.445480
0.219800	2.421100
0.219900	2.457670
0.220000	2.360150
0.220100	2.433290
0.220200	2.384530
0.220300	2.299200
0.220400	2.189490
0.220500	2.128540
0.220600	2.043210
0.220700	2.079780
0.220800	2.018830
0.220900	2.043210
0.221000	1.921310
0.221100	1.896930
0.221200	1.957880
0.221300	1.884740
0.221400	1.933500
0.221500	1.982260
0.221600	1.970070
0.221700	1.896930
0.221800	1.884740
0.221900	1.823790
0.222000	1.787220
0.222100	1.787220
0.222200	1.872550
0.222300	1.799410
0.222400	1.835980
0.222500	1.835980
0.222600	1.848170
0.222700	1.799410
0.222800	1.787220
0.222900	1.738460
0.223000	1.689700
0.223100	1.701890
0.223200	1.689700
0.223300	1.653130
0.223400	1.714080
0.223500	1.653130
0.223600	1.592180
0.223700	1.592180
0.223800	1.531230
0.223900	1.458090
0.224000	1.433710
0.224100	1.433710
0.224200	1.384950
0.224300	1.372760
0.224400	1.384950
0.224500	1.360570
0.224600	1.360570
0.224700	1.311810
0.224800	1.226480
0.224900	1.287430
0.225000	1.226480
0.225100	1.141150
0.225200	1.153340
0.225300	1.153340
0.225400	1.080200
0.225500	1.043630
0.225600	1.116770
0.225700	1.068010
0.225800	1.043630
0.225900	0.982677
0.226000	0.982677
0.226100	0.946107
0.226200	0.958297
0.226300	0.933917
0.226400	0.897347
0.226500	0.958297
0.226600	0.885157
0.226700	0.848587
0.226800	0.897347
0.226900	0.909537
0.227000	0.824207
0.227100	0.787637
0.227200	0.751067
0.227300	0.763257
0.227400	0.799827
0.227500	0.787637
0.227600	0.812017
0.227700	0.836397
0.227800	0.799827
0.227900	0.751067
0.228000	0.738877
0.228100	0.726687
0.228200	0.665737
0.228300	0.616977
0.228400	0.592597
0.228500	0.592597
0.228600	0.531647
0.228700	0.531647
0.228800	0.556027
0.228900	0.592597
0.229000	0.470697
0.229100	0.531647
0.229200	0.458507
0.229300	0.434127
0.229400	0.482887
0.229500	0.519457
0.229600	0.470697
0.229700	0.482887
0.229800	0.434127
0.229900	0.421937
0.230000	0.373177
0.230100	0.336607
0.230200	0.324417
0.230300	0.397557
0.230400	0.263467
0.230500	0.239087
0.230600	0.263467
0.230700	0.263467
0.230800	0.214707
0.230900	0.214707
0.231000	0.226897
0.231100	0.178137
0.231200	0.129377
0.231300	0.153757
0.231400	0.178137
0.231500	0.190327
0.231600	0.178137
0.231700	0.092807
0.231800	0.117187
0.231900	0.141567
0.232000	0.104997
0.232100	0.080616
0.232200	0.092807
0.232300	0.080616
0.232400	0.044046
0.232500	0.080616
0.232600	0.044046
0.232700	0.031856
0.232800	0.031856
0.232900	0.019667
0.233000	0.031856
0.233100	0.019667
0.233200	0.031856
0.233300	-0.004713
0.233400	0.007477
0.233500	-0.029094
0.233600	-0.102233
0.233700	-0.138803
0.233800	-0.090044
0.233900	-0.102233
0.234000	-0.102233
0.234100	-0.114423
0.234200	-0.260703
0.234300	-0.248513
0.234400	-0.199753
0.234500	-0.175373
0.234600	-0.248513
0.234700	-0.211943
0.234800	-0.187563
0.234900	-0.248513
0.235000	-0.297273
0.235100	-0.272893
0.235200	-0.346033
0.235300	-0.346033
0.235400	-0.346033
0.235500	-0.297273
0.235600	-0.333843
0.235700	-0.394793
0.235800	-0.394793
0.235900	-0.431363
0.236000	-0.492313
0.236100	-0.467933
0.236200	-0.467933
0.236300	-0.455743
0.236400	-0.443553
0.236500	-0.492313
0.236600	-0.443553
0.236700	-0.419173
0.236800	-0.455743
0.236900	-0.467933
0.237000	-0.443553
0.237100	-0.419173
0.237200	-0.467933
0.237300	-0.370413
0.237400	-0.346033
0.237500	-0.394793
0.237600	-0.431363
0.237700	-0.443553
0.237800	-0.431363
0.237900	-0.492313
0.238000	-0.504503
0.238100	-0.467933
0.238200	-0.467933
0.238300	-0.541073
0.238400	-0.589833
0.238500	-0.504503
0.238600	-0.492313
0.238700	-0.480123
0.238800	-0.504503
0.238900	-0.443553
0.239000	-0.443553
0.239100	-0.443553
0.239200	-0.455743
0.239300	-0.467933
0.239400	-0.443553
0.239500	-0.492313
0.239600	-0.516693
0.239700	-0.504503
0.239800	-0.480123
0.239900	-0.443553
0.240000	-0.406983
0.240100	-0.516693
0.240200	-0.516693
0.240300	-0.504503
0.240400	-0.565453
0.240500	-0.553263
0.240600	-0.553263
0.240700	-0.528883
0.240800	-0.614213
0.240900	-0.602023
0.241000	-0.541073
0.241100	-0.480123
0.241200	-0.467933
0.241300	-0.553263
0.241400	-0.528883
0.241500	-0.467933
0.241600	-0.480123
0.241700	-0.480123
0.241800	-0.467933
0.241900	-0.504503
0.242000	-0.492313
0.242100	-0.528883
0.242200	-0.589833
0.242300	-0.614213
0.242400	-0.528883
0.242500	-0.492313
0.242600	-0.516693
0.242700	-0.504503
0.242800	-0.541073
0.242900	-0.589833
0.243000	-0.589833
0.243100	-0.553263
0.243200	-0.589833
0.243300	-0.602023
0.243400	-0.541073
0.243500	-0.602023
0.243600	-0.541073
0.243700	-0.528883
0.243800	-0.602023
0.243900	-0.565453
0.244000	-0.492313
0.244100	-0.528883
0.244200	-0.516693
0.244300	-0.406983
0.244400	-0.248513
0.244500	0.153757
0.244600	0.702307
0.244700	0.860777
0.244800	0.434127
0.244900	0.019667
0.245000	-0.053473
0.245100	-0.077854
0.245200	-0.236323
0.245300	-0.638593
0.245400	-0.931153
0.245500	-0.992103
0.245600	-1.016480
0.245700	-1.065240
0.245800	-1.126190
0.245900	-1.199330
0.246000	-1.260280
0.246100	-1.248090
0.246200	-1.248090
0.246300	-1.272470
0.246400	-1.138380
0.246500	-1.028670
0.246600	-0.931153
0.246700	-0.992103
0.246800	-0.979913
0.246900	-0.931153
0.247000	-0.943343
0.247100	-0.870203
0.247200	-0.870203
0.247300	-0.882393
0.247400	-0.882393
0.247500	-0.858013
0.247600	-0.748303
0.247700	-0.736113
0.247800	-0.626403
0.247900	-0.565453
0.248000	-0.553263
0.248100	-0.614213
0.248200	-0.662973
0.248300	-0.662973
0.248400	-0.687353
0.248500	-0.833633
0.248600	-0.845823
0.248700	-0.918963
0.248800	-0.967723
0.248900	-1.004290
0.249000	-0.955533
0.249100	-1.004290
0.249200	-0.955533
0.249300	-0.967723
0.249400	-1.040860
0.249500	-1.028670
0.249600	-1.004290
0.249700	-1.028670
0.249800	-0.992103
0.249900	-0.992103
0.250000	-0.906773
0.250100	-0.943343
0.250200	-0.967723
0.250300	-0.979913
0.250400	-0.870203
0.250500	-0.845823
0.250600	-0.894583
0.250700	-0.870203
0.250800	-0.858013
0.250900	-0.736113
0.251000	-0.797063
0.251100	-0.736113
0.251200	-0.833633
0.251300	-0.845823
0.251400	-0.845823
0.251500	-0.906773
0.251600	-0.955533
0.251700	-0.992103
0.251800	-1.028670
0.251900	-1.053050
0.252000	-1.138380
0.252100	-1.174950
0.252200	-1.101810
0.252300	-1.077430
0.252400	-1.162760
0.252500	-1.089620
0.252600	-1.077430
0.252700	-1.138380
0.252800	-1.126190
0.252900	-1.126190
0.253000	-1.040860
0.253100	-1.053050
0.253200	-0.979913
0.253300	-0.979913
0.253400	-1.004290
0.253500	-1.028670
0.253600	-1.028670
0.253700	-0.979913
0.253800	-0.894583
0.253900	-0.931153
0.254000	-0.979913
0.254100	-0.979913
0.254200	-0.992103
0.254300	-0.979913
0.254400	-0.894583
0.254500	-0.906773
0.254600	-0.967723
0.254700	-1.004290
0.254800	-1.028670
0.254900	-0.992103
0.255000	-1.053050
0.255100	-0.967723
0.255200	-1.004290
0.255300	-0.931153
0.255400	-0.943343
0.255500	-0.992103
0.255600	-1.114000
0.255700	-1.016480
0.255800	-0.967723
0.255900	-0.992103
0.256000	-1.004290
0.256100	-1.004290
0.256200	-1.004290
0.256300	-1.077430
0.256400	-1.004290
0.256500	-0.967723
0.256600	-1.004290
0.256700	-0.979913
0.256800	-0.979913
0.256900	-0.992103
0.257000	-1.053050
0.257100	-1.053050
0.257200	-0.992103
0.257300	-0.931153
0.257400	-0.931153
0.257500	-0.955533
0.257600	-1.004290
0.257700	-1.065240
0.257800	-1.028670
0.257900	-0.979913
0.258000	-0.870203
0.258100	-0.882393
0.258200	-0.943343
0.258300	-1.004290
0.258400	-1.004290
0.258500	-0.992103
0.258600	-0.918963
0.258700	-0.809253
0.258800	-0.882393
0.258900	-0.906773
0.259000	-1.028670
0.259100	-0.967723
0.259200	-0.943343
0.259300	-0.858013
0.259400	-0.797063
0.259500	-0.845823
0.259600	-0.918963
0.259700	-1.016480
0.259800	-0.992103
0.259900	-0.931153
0.260000	-0.894583
0.260100	-0.809253
0.260200	-0.870203
0.260300	-0.992103
0.260400	-0.979913
0.260500	-0.918963
0.260600	-0.858013
0.260700	-0.784873
0.260800	-0.784873
0.260900	-0.858013
0.261000	-1.028670
0.261100	-1.004290
0.261200	-0.979913
0.261300	-0.943343
0.261400	-0.833633
0.261500	-0.833633
0.261600	-0.882393
0.261700	-0.967723
0.261800	-0.979913
0.261900	-0.894583
0.262000	-0.882393
0.262100	-0.772683
0.262200	-0.784873
0.262300	-0.943343
0.262400	-1.028670
0.262500	-1.040860
0.262600	-0.979913
0.262700	-0.809253
0.262800	-0.760493
0.262900	-0.906773
0.263000	-0.992103
0.263100	-1.016480
0.263200	-0.979913
0.263300	-0.906773
0.263400	-0.784873
0.263500	-0.760493
0.263600	-0.955533
0.263700	-1.114000
0.263800	-1.089620
0.263900	-1.004290
0.264000	-0.858013
0.264100	-0.748303
0.264200	-0.845823
0.264300	-0.979913
0.264400	-1.101810
0.264500	-1.028670
0.264600	-1.016480
0.264700	-0.882393
0.264800	-0.833633
0.264900	-0.882393
0.265000	-1.065240
0.265100	-1.089620
0.265200	-1.089620
0.265300	-0.955533
0.265400	-0.858013
0.265500	-0.882393
0.265600	-0.931153
0.265700	-1.101810
0.265800	-1.126190
0.265900	-1.004290
0.266000	-0.931153
0.266100	-0.821443
0.266200	-0.931153
0.266300	-1.028670
0.266400	-1.150570
0.266500	-1.053050
0.266600	-0.931153
0.266700	-0.784873
0.266800	-0.821443
0.266900	-0.967723
0.267000	-1.077430
0.267100	-1.138380
0.267200	-1.040860
0.267300	-0.918963
0.267400	-0.845823
0.267500	-0.882393
0.267600	-1.004290
0.267700	-1.101810
0.267800	-1.162760
0.267900	-0.979913
0.268000	-0.845823
0.268100	-0.882393
0.268200	-1.016480
0.268300	-1.089620
0.268400	-1.126190
0.268500	-1.053050
0.268600	-0.882393
0.268700	-0.784873
0.268800	-0.882393
0.268900	-0.979913
0.269000	-1.138380
0.269100	-1.089620
0.269200	-0.992103
0.269300	-0.882393
0.269400	-0.882393
0.269500	-1.004290
0.269600	-1.077430
0.269700	-1.162760
0.269800	-1.089620
0.269900	-0.931153
0.270000	-0.845823
0.270100	-0.858013
0.270200	-1.028670
0.270300	-1.114000
0.270400	-1.089620
0.270500	-0.992103
0.270600	-0.894583
0.270700	-0.833633
0.270800	-0.918963
0.270900	-1.065240
0.271000	-1.211520
0.271100	-1.101810
0.271200	-0.992103
0.271300	-0.943343
0.271400	-0.931153
0.271500	-1.053050
0.271600	-1.199330
0.271700	-1.235900
0.271800	-1.187140
0.271900	-1.053050
0.272000	-1.004290
0.272100	-1.077430
0.272200	-1.211520
0.272300	-1.284660
0.272400	-1.284660
0.272500	-1.089620
0.272600	-0.992103
0.272700	-1.028670
0.272800	-1.101810
0.272900	-1.248090
0.273000	-1.248090
0.273100	-1.126190
0.273200	-0.967723
0.273300	-0.906773
0.273400	-0.918963
0.273500	-1.101810
0.273600	-1.211520
0.273700	-1.162760
0.273800	-0.979913
0.273900	-0.894583
0.274000	-0.931153
0.274100	-1.065240
0.274200	-1.199330
0.274300	-1.223710
0.274400	-1.162760
0.274500	-0.992103
0.274600	-0.943343
0.274700	-1.028670
0.274800	-1.150570
0.274900	-1.296850
0.275000	-1.272470
0.275100	-1.150570
0.275200	-1.053050
0.275300	-0.979913
0.275400	-1.101810
0.275500	-1.199330
0.275600	-1.248090
0.275700	-1.211520
0.275800	-1.114000
0.275900	-0.992103
0.276000	-1.053050
0.276100	-1.187140
0.276200	-1.296850
0.276300	-1.199330
0.276400	-1.174950
0.276500	-1.101810
0.276600	-1.089620
0.276700	-1.150570
0.276800	-1.235900
0.276900	-1.296850
0.277000	-1.321230
0.277100	-1.260280
0.277200	-1.187140
0.277300	-1.174950
0.277400	-1.235900
0.277500	-1.345610
0.277600	-1.382180
0.277700	-1.382180
0.277800	-1.321230
0.277900	-1.284660
0.278000	-1.296850
0.278100	-1.309040
0.278200	-1.333420
0.278300	-1.406560
0.278400	-1.443130
0.278500	-1.357800
0.278600	-1.394370
0.278700	-1.418750
0.278800	-1.382180
0.278900	-1.455320
0.279000	-1.418750
0.279100	-1.406560
0.279200	-1.394370
0.279300	-1.430940
0.279400	-1.418750
0.279500	-1.443130
0.279600	-1.369990
0.279700	-1.406560
0.279800	-1.455320
0.279900	-1.479700
0.280000	-1.565030
0.280100	-1.528460
0.280200	-1.479700
0.280300	-1.394370
0.280400	-1.443130
0.280500	-1.479700
0.280600	-1.491890
0.280700	-1.516270
0.280800	-1.467510
0.280900	-1.394370
0.281000	-1.455320
0.281100	-1.479700
0.281200	-1.479700
0.281300	-1.528460
0.281400	-1.552840
0.281500	-1.552840
0.281600	-1.491890
0.281700	-1.479700
0.281800	-1.491890
0.281900	-1.565030
0.282000	-1.625980
0.282100	-1.662550
0.282200	-1.625980
0.282300	-1.577220
0.282400	-1.577220
0.282500	-1.540650
0.282600	-1.577220
0.282700	-1.565030
0.282800	-1.601600
0.282900	-1.650360
0.283000	-1.601600
0.283100	-1.625980
0.283200	-1.662550
0.283300	-1.625980
0.283400	-1.650360
0.283500	-1.723500
0.283600	-1.662550
0.283700	-1.638170
0.283800	-1.662550
0.283900	-1.674740
0.284000	-1.723500
0.284100	-1.711310
0.284200	-1.747880
0.284300	-1.772260
0.284400	-1.760070
0.284500	-1.711310
0.284600	-1.735690
0.284700	-1.723500
0.284800	-1.857590
0.284900	-1.796640
0.285000	-1.784450
0.285100	-1.857590
0.285200	-1.784450
0.285300	-1.796640
0.285400	-1.821020
0.285500	-1.772260
0.285600	-1.784450
0.285700	-1.821020
0.285800	-1.772260
0.285900	-1.833210
0.286000	-1.808830
0.286100	-1.918540
0.286200	-1.857590
0.286300	-1.833210
0.286400	-1.772260
0.286500	-1.821020
0.286600	-1.784450
0.286700	-1.881970
0.286800	-1.881970
0.286900	-1.845400
0.287000	-1.821020
0.287100	-1.845400
0.287200	-1.869780
0.287300	-1.845400
0.287400	-1.833210
0.287500	-1.906350
0.287600	-1.942920
0.287700	-1.906350
0.287800	-1.918540
0.287900	-1.942920
0.288000	-1.845400
0.288100	-1.918540
0.288200	-1.918540
0.288300	-1.979490
0.288400	-1.930730
0.288500	-1.930730
0.288600	-1.955110
0.288700	-1.967300
0.288800	-1.942920
0.288900	-1.942920
0.289000	-1.979490
0.289100	-1.955110
0.289200	-1.906350
0.289300	-1.894160
0.289400	-1.906350
0.289500	-1.894160
0.289600	-1.918540
0.289700	-1.955110
0.289800	-1.979490
0.289900	-1.942920
0.290000	-2.003870
0.290100	-2.016060
0.290200	-2.016060
0.290300	-2.003870
0.290400	-1.991680
0.290500	-2.028250
0.290600	-2.028250
0.290700	-2.028250
0.290800	-2.077010
0.290900	-2.089200
0.291000	-2.077010
0.291100	-2.064820
0.291200	-2.040440
0.291300	-2.077010
0.291400	-2.016060
0.291500	-2.016060
0.291600	-1.991680
0.291700	-2.089200
0.291800	-1.967300
0.291900	-1.991680
0.292000	-1.979490
0.292100	-1.967300
0.292200	-1.955110
0.292300	-2.003870
0.292400	-2.052630
0.292500	-2.077010
0.292600	-2.064820
0.292700	-2.064820
0.292800	-2.077010
0.292900	-2.052630
0.293000	-2.113580
0.293100	-2.077010
0.293200	-2.101390
0.293300	-2.186720
0.293400	-2.162340
0.293500	-2.089200
0.293600	-2.089200
0.293700	-2.162340
0.293800	-2.137960
0.293900	-2.113580
0.294000	-2.125770
0.294100	-2.101390
0.294200	-2.089200
0.294300	-2.150150
0.294400	-2.186720
0.294500	-2.137960
0.294600	-2.162340
0.294700	-2.137960
0.294800	-2.125770
0.294900	-2.113580
0.295000	-2.174530
0.295100	-2.137960
0.295200	-2.113580
0.295300	-2.150150
0.295400	-2.162340
0.295500	-2.198910
0.295600	-2.162340
0.295700	-2.211100
0.295800	-2.259860
0.295900	-2.259860
0.296000	-2.198910
0.296100	-2.198910
0.296200	-2.296430
0.296300	-2.223290
0.296400	-2.211100
0.296500	-2.272050
0.296600	-2.186720
0.296700	-2.247670
0.296800	-2.223290
0.296900	-2.223290
0.297000	-2.272050
0.297100	-2.369570
0.297200	-2.369570
0.297300	-2.406140
0.297400	-2.393950
0.297500	-2.381760
0.297600	-2.381760
0.297700	-2.418330
0.297800	-2.406140
0.297900	-2.345190
0.298000	-2.381760
0.298100	-2.381760
0.298200	-2.369570
0.298300	-2.381760
0.298400	-2.430520
0.298500	-2.357380
0.298600	-2.333000
0.298700	-2.357380
0.298800	-2.308620
0.298900	-2.308620
0.299000	-2.272050
0.299100	-2.296430
0.299200	-2.247670
0.299300	-2.247670
0.299400	-2.235480
0.299500	-2.186720
0.299600	-2.137960
0.299700	-2.150150
0.299800	-2.150150
0.299900	-2.137960
