-0.050000	0.019284
-0.049900	0.173149
-0.049800	0.050057
-0.049700	-0.134581
-0.049600	0.050057
-0.049500	0.234695
-0.049400	-0.011489
-0.049300	0.080830
-0.049200	-0.042262
-0.049100	0.080830
-0.049000	0.080830
-0.048900	0.173149
-0.048800	0.050057
-0.048700	-0.073035
-0.048600	0.111603
-0.048500	0.019284
-0.048400	0.050057
-0.048300	-0.011489
-0.048200	0.050057
-0.048100	0.203922
-0.048000	-0.011489
-0.047900	-0.011489
-0.047800	0.142376
-0.047700	-0.073035
-0.047600	0.111603
-0.047500	0.173149
-0.047400	0.173149
-0.047300	-0.134581
-0.047200	-0.134581
-0.047100	0.019284
-0.047000	-0.011489
-0.046900	-0.134581
-0.046800	-0.042262
-0.046700	0.080830
-0.046600	0.019284
-0.046500	-0.042262
-0.046400	0.142376
-0.046300	0.080830
-0.046200	-0.042262
-0.046100	0.050057
-0.046000	-0.011489
-0.045900	-0.011489
-0.045800	0.173149
-0.045700	0.080830
-0.045600	0.019284
-0.045500	-0.042262
-0.045400	0.050057
-0.045300	0.142376
-0.045200	-0.042262
-0.045100	0.142376
-0.045000	0.080830
-0.044900	0.019284
-0.044800	-0.073035
-0.044700	0.111603
-0.044600	0.142376
-0.044500	-0.011489
-0.044400	0.050057
-0.044300	0.173149
-0.044200	0.111603
-0.044100	-0.011489
-0.044000	0.111603
-0.043900	0.111603
-0.043800	-0.042262
-0.043700	-0.011489
-0.043600	0.080830
-0.043500	0.142376
-0.043400	0.050057
-0.043300	-0.073035
-0.043200	-0.073035
-0.043100	-0.073035
-0.043000	0.111603
-0.042900	0.296241
-0.042800	-0.011489
-0.042700	-0.042262
-0.042600	-0.073035
-0.042500	0.050057
-0.042400	0.080830
-0.042300	0.173149
-0.042200	0.173149
-0.042100	0.111603
-0.042000	0.173149
-0.041900	0.111603
-0.041800	0.050057
-0.041700	0.019284
-0.041600	0.142376
-0.041500	0.142376
-0.041400	0.111603
-0.041300	0.111603
-0.041200	0.142376
-0.041100	0.173149
-0.041000	-0.011489
-0.040900	-0.011489
-0.040800	-0.042262
-0.040700	0.019284
-0.040600	0.142376
-0.040500	0.173149
-0.040400	0.173149
-0.040300	0.173149
-0.040200	0.050057
-0.040100	-0.011489
-0.040000	0.080830
-0.039900	0.050057
-0.039800	0.265468
-0.039700	0.111603
-0.039600	-0.073035
-0.039500	0.080830
-0.039400	0.173149
-0.039300	0.050057
-0.039200	-0.011489
-0.039100	0.173149
-0.039000	0.142376
-0.038900	0.234695
-0.038800	0.142376
-0.038700	0.111603
-0.038600	0.019284
-0.038500	0.019284
-0.038400	0.050057
-0.038300	0.173149
-0.038200	0.203922
-0.038100	0.111603
-0.038000	0.265468
-0.037900	0.173149
-0.037800	0.203922
-0.037700	0.050057
-0.037600	0.019284
-0.037500	0.080830
-0.037400	0.173149
-0.037300	-0.011489
-0.037200	0.173149
-0.037100	0.080830
-0.037000	0.111603
-0.036900	0.080830
-0.036800	0.173149
-0.036700	0.111603
-0.036600	0.080830
-0.036500	0.050057
-0.036400	0.050057
-0.036300	-0.011489
-0.036200	0.019284
-0.036100	0.173149
-0.036000	0.019284
-0.035900	-0.011489
-0.035800	-0.134581
-0.035700	-0.011489
-0.035600	0.050057
-0.035500	-0.103808
-0.035400	-0.073035
-0.035300	-0.073035
-0.035200	-0.134581
-0.035100	-0.011489
-0.035000	-0.103808
-0.034900	-0.011489
-0.034800	0.019284
-0.034700	0.173149
-0.034600	-0.011489
-0.034500	-0.042262
-0.034400	0.019284
-0.034300	-0.073035
-0.034200	0.080830
-0.034100	0.234695
-0.034000	0.327014
-0.033900	0.142376
-0.033800	-0.073035
-0.033700	-0.042262
-0.033600	-0.042262
-0.033500	0.111603
-0.033400	0.142376
-0.033300	0.234695
-0.033200	0.234695
-0.033100	0.111603
-0.033000	0.111603
-0.032900	-0.073035
-0.032800	-0.165354
-0.032700	-0.134581
-0.032600	0.203922
-0.032500	0.419333
-0.032400	0.265468
-0.032300	0.111603
-0.032200	0.080830
-0.032100	-0.073035
-0.032000	-0.196127
-0.031900	0.111603
-0.031800	0.419333
-0.031700	0.388560
-0.031600	0.265468
-0.031500	0.111603
-0.031400	-0.226900
-0.031300	-0.134581
-0.031200	0.111603
-0.031100	0.265468
-0.031000	0.296241
-0.030900	-0.042262
-0.030800	0.050057
-0.030700	-0.073035
-0.030600	-0.073035
-0.030500	-0.011489
-0.030400	0.019284
-0.030300	0.080830
-0.030200	0.173149
-0.030100	-0.011489
-0.030000	-0.134581
-0.029900	-0.196127
-0.029800	-0.073035
-0.029700	0.111603
-0.029600	0.203922
-0.029500	0.173149
-0.029400	-0.042262
-0.029300	-0.073035
-0.029200	-0.319219
-0.029100	-0.165354
-0.029000	-0.042262
-0.028900	-0.134581
-0.028800	-0.134581
-0.028700	-0.073035
-0.028600	-0.042262
-0.028500	-0.073035
-0.028400	-0.257673
-0.028300	-0.196127
-0.028200	-0.103808
-0.028100	-0.134581
-0.028000	-0.042262
-0.027900	-0.011489
-0.027800	-0.011489
-0.027700	0.080830
-0.027600	0.111603
-0.027500	-0.011489
-0.027400	-0.073035
-0.027300	0.173149
-0.027200	0.234695
-0.027100	0.173149
-0.027000	-0.103808
-0.026900	-0.134581
-0.026800	-0.134581
-0.026700	0.080830
-0.026600	0.111603
-0.026500	0.234695
-0.026400	0.296241
-0.026300	0.173149
-0.026200	-0.134581
-0.026100	-0.196127
-0.026000	-0.196127
-0.025900	-0.196127
-0.025800	-0.073035
-0.025700	0.080830
-0.025600	-0.103808
-0.025500	-0.011489
-0.025400	0.050057
-0.025300	0.019284
-0.025200	-0.103808
-0.025100	-0.165354
-0.025000	-0.042262
-0.024900	-0.257673
-0.024800	-0.134581
-0.024700	0.050057
-0.024600	0.203922
-0.024500	0.111603
-0.024400	-0.011489
-0.024300	-0.226900
-0.024200	-0.042262
-0.024100	-0.073035
-0.024000	0.050057
-0.023900	0.080830
-0.023800	-0.103808
-0.023700	0.050057
-0.023600	-0.196127
-0.023500	-0.073035
-0.023400	0.111603
-0.023300	-0.134581
-0.023200	-0.288446
-0.023100	-0.042262
-0.023000	0.111603
-0.022900	0.080830
-0.022800	-0.103808
-0.022700	-0.196127
-0.022600	-0.226900
-0.022500	-0.165354
-0.022400	-0.103808
-0.022300	-0.042262
-0.022200	0.080830
-0.022100	0.050057
-0.022000	-0.011489
-0.021900	0.019284
-0.021800	-0.073035
-0.021700	-0.196127
-0.021600	-0.288446
-0.021500	-0.073035
-0.021400	0.080830
-0.021300	-0.042262
-0.021200	-0.011489
-0.021100	-0.011489
-0.021000	-0.349992
-0.020900	-0.380765
-0.020800	0.019284
-0.020700	0.419333
-0.020600	-0.042262
-0.020500	-0.288446
-0.020400	0.080830
-0.020300	0.019284
-0.020200	-0.134581
-0.020100	-0.196127
-0.020000	-0.011489
-0.019900	-0.011489
-0.019800	-0.165354
-0.019700	-0.165354
-0.019600	-0.165354
-0.019500	-0.134581
-0.019400	0.019284
-0.019300	0.203922
-0.019200	-0.042262
-0.019100	-0.380765
-0.019000	-0.226900
-0.018900	0.111603
-0.018800	0.327014
-0.018700	0.080830
-0.018600	-0.349992
-0.018500	-0.319219
-0.018400	0.111603
-0.018300	0.173149
-0.018200	0.173149
-0.018100	0.111603
-0.018000	0.019284
-0.017900	-0.288446
-0.017800	-0.226900
-0.017700	0.111603
-0.017600	0.542425
-0.017500	0.111603
-0.017400	-0.073035
-0.017300	0.050057
-0.017200	-0.073035
-0.017100	-0.196127
-0.017000	0.203922
-0.016900	0.173149
-0.016800	-0.196127
-0.016700	-0.380765
-0.016600	-0.134581
-0.016500	0.111603
-0.016400	-0.011489
-0.016300	0.050057
-0.016200	0.019284
-0.016100	-0.319219
-0.016000	-0.011489
-0.015900	0.327014
-0.015800	-0.042262
-0.015700	-0.165354
-0.015600	-0.288446
-0.015500	-0.103808
-0.015400	0.050057
-0.015300	0.111603
-0.015200	0.050057
-0.015100	-0.042262
-0.015000	-0.073035
-0.014900	-0.442311
-0.014800	-0.196127
-0.014700	0.142376
-0.014600	0.050057
-0.014500	-0.165354
-0.014400	-0.011489
-0.014300	0.050057
-0.014200	-0.042262
-0.014100	-0.319219
-0.014000	-0.226900
-0.013900	-0.042262
-0.013800	-0.103808
-0.013700	-0.103808
-0.013600	0.050057
-0.013500	0.296241
-0.013400	0.019284
-0.013300	-0.042262
-0.013200	0.173149
-0.013100	-0.073035
-0.013000	-0.257673
-0.012900	0.050057
-0.012800	0.296241
-0.012700	0.050057
-0.012600	-0.011489
-0.012500	0.019284
-0.012400	-0.042262
-0.012300	-0.165354
-0.012200	0.050057
-0.012100	0.203922
-0.012000	-0.011489
-0.011900	-0.257673
-0.011800	-0.380765
-0.011700	-0.349992
-0.011600	0.296241
-0.011500	0.296241
-0.011400	-0.134581
-0.011300	-0.349992
-0.011200	-0.134581
-0.011100	-0.103808
-0.011000	0.111603
-0.010900	0.234695
-0.010800	0.173149
-0.010700	-0.196127
-0.010600	-0.257673
-0.010500	0.050057
-0.010400	0.173149
-0.010300	0.234695
-0.010200	0.111603
-0.010100	-0.196127
-0.010000	-0.534630
-0.009900	-0.442311
-0.009800	-0.134581
-0.009700	0.111603
-0.009600	0.203922
-0.009500	0.388560
-0.009400	0.050057
-0.009300	-0.565403
-0.009200	-0.596176
-0.009100	-0.165354
-0.009000	0.111603
-0.008900	-0.165354
-0.008800	-0.380765
-0.008700	-0.226900
-0.008600	0.234695
-0.008500	0.019284
-0.008400	-0.073035
-0.008300	-0.134581
-0.008200	-0.257673
-0.008100	-0.288446
-0.008000	0.080830
-0.007900	0.050057
-0.007800	-0.042262
-0.007700	-0.073035
-0.007600	-0.042262
-0.007500	-0.042262
-0.007400	-0.319219
-0.007300	-0.196127
-0.007200	0.142376
-0.007100	0.019284
-0.007000	-0.226900
-0.006900	-0.196127
-0.006800	-0.042262
-0.006700	0.296241
-0.006600	0.173149
-0.006500	-0.442311
-0.006400	-0.319219
-0.006300	-0.011489
-0.006200	0.050057
-0.006100	0.019284
-0.006000	0.142376
-0.005900	-0.226900
-0.005800	-0.196127
-0.005700	0.327014
-0.005600	0.203922
-0.005500	-0.349992
-0.005400	-0.226900
-0.005300	-0.073035
-0.005200	0.111603
-0.005100	-0.196127
-0.005000	-0.349992
-0.004900	-0.165354
-0.004800	0.111603
-0.004700	-0.226900
-0.004600	-0.073035
-0.004500	0.203922
-0.004400	0.111603
-0.004300	-0.288446
-0.004200	-0.380765
-0.004100	-0.134581
-0.004000	-0.042262
-0.003900	-0.042262
-0.003800	0.111603
-0.003700	-0.165354
-0.003600	-0.380765
-0.003500	-0.134581
-0.003400	0.265468
-0.003300	0.450106
-0.003200	-0.196127
-0.003100	-0.750041
-0.003000	-0.319219
-0.002900	0.296241
-0.002800	-0.042262
-0.002700	-0.165354
-0.002600	0.265468
-0.002500	0.080830
-0.002400	-0.534630
-0.002300	-0.319219
-0.002200	0.142376
-0.002100	0.327014
-0.002000	0.050057
-0.001900	-0.011489
-0.001800	0.173149
-0.001700	-0.073035
-0.001600	-0.380765
-0.001500	-0.011489
-0.001400	0.234695
-0.001300	-0.226900
-0.001200	-0.103808
-0.001100	0.234695
-0.001000	-0.134581
-0.000900	-0.565403
-0.000800	-0.011489
-0.000700	0.357787
-0.000600	0.019284
-0.000500	-0.319219
-0.000400	0.050057
-0.000300	0.173149
-0.000200	-0.257673
-0.000100	-0.103808
0.000000	0.111603
0.000100	0.019284
0.000200	-0.165354
0.000300	0.019284
0.000400	0.050057
0.000500	-0.257673
0.000600	-0.196127
0.000700	-0.011489
0.000800	0.111603
0.000900	-0.196127
0.001000	-0.073035
0.001100	0.080830
0.001200	-0.165354
0.001300	-0.411538
0.001400	-0.319219
0.001500	-0.073035
0.001600	-0.011489
0.001700	-0.103808
0.001800	-0.165354
0.001900	-0.011489
0.002000	-0.134581
0.002100	-0.257673
0.002200	0.050057
0.002300	0.142376
0.002400	-0.165354
0.002500	-0.226900
0.002600	-0.165354
0.002700	-0.380765
0.002800	-0.411538
0.002900	0.050057
0.003000	-0.134581
0.003100	-0.411538
0.003200	-0.011489
0.003300	0.203922
0.003400	-0.011489
0.003500	-0.319219
0.003600	-0.257673
0.003700	-0.134581
0.003800	-0.657722
0.003900	-1.242410
0.004000	-1.919410
0.004100	-2.504100
0.004200	-3.396520
0.004300	-4.227390
0.004400	-4.965940
0.004500	-5.489080
0.004600	-6.627680
0.004700	-7.397010
0.004800	-7.150820
0.004900	-6.535360
0.005000	-6.381500
0.005100	-7.027730
0.005200	-7.735510
0.005300	-8.504840
0.005400	-10.320400
0.005500	-12.690000
0.005600	-14.074700
0.005700	-14.721000
0.005800	-15.521100
0.005900	-16.013399
0.006000	-16.690500
0.006100	-17.890600
0.006200	-19.306200
0.006300	-20.567900
0.006400	-21.152500
0.006500	-21.614100
0.006600	-21.706499
0.006700	-20.598600
0.006800	-20.690901
0.006900	-22.045000
0.007000	-22.352699
0.007100	-20.844801
0.007200	-19.059999
0.007300	-18.629200
0.007400	-19.398500
0.007500	-19.029200
0.007600	-16.567400
0.007700	-9.920390
0.007800	-4.535120
0.007900	-6.166090
0.008000	-9.612660
0.008100	-9.889620
0.008200	-10.351200
0.008300	-12.259100
0.008400	-11.674500
0.008500	-8.012470
0.008600	-6.135320
0.008700	-9.797300
0.008800	-14.751800
0.008900	-14.628700
0.009000	-11.951400
0.009100	-10.720500
0.009200	-13.859300
0.009300	-17.059700
0.009400	-17.213600
0.009500	-15.521100
0.009600	-12.751500
0.009700	-12.013000
0.009800	-13.428500
0.009900	-17.521299
0.010000	-23.091200
0.010100	-23.152800
0.010200	-20.537100
0.010300	-20.690901
0.010400	-22.260401
0.010500	-27.645599
0.010600	-32.815498
0.010700	-29.245800
0.010800	-21.583401
0.010900	-16.505800
0.011000	-16.259600
0.011100	-18.259899
0.011200	-12.843800
0.011300	-6.135320
0.011400	-8.074010
0.011500	-12.659200
0.011600	-20.567900
0.011700	-33.030899
0.011800	-42.047401
0.011900	-39.400902
0.012000	-33.246300
0.012100	-28.845800
0.012200	-25.245300
0.012300	-24.229799
0.012400	-30.938400
0.012500	-33.984901
0.012600	-30.692200
0.012700	-37.277599
0.012800	-41.247299
0.012900	-35.277302
0.013000	-32.877102
0.013100	-25.891600
0.013200	-15.151800
0.013300	-17.336700
0.013400	-24.476000
0.013500	-26.414700
0.013600	-26.507000
0.013700	-34.108002
0.013800	-46.201801
0.013900	-42.170502
0.014000	-35.462002
0.014100	-48.971298
0.014200	-58.972599
0.014300	-58.572498
0.014400	-47.555801
0.014500	-25.122299
0.014600	-2.104050
0.014700	2.019530
0.014800	-30.476801
0.014900	-57.618500
0.015000	-47.740398
0.015100	-12.074500
0.015200	19.283199
0.015300	6.327750
0.015400	-20.844801
0.015500	-8.627930
0.015600	16.421301
0.015700	21.037201
0.015800	3.650500
0.015900	-1.888640
0.016000	25.868601
0.016100	36.731499
0.016200	10.759100
0.016300	-14.413300
0.016400	-18.844601
0.016500	4.204410
0.016600	22.729799
0.016700	10.451300
0.016800	-11.951400
0.016900	-25.460800
0.017000	-37.339100
0.017100	-52.171700
0.017200	-51.802399
0.017300	-49.125198
0.017400	-27.122499
0.017500	-4.104300
0.017600	-10.782000
0.017700	-12.566900
0.017800	7.343260
0.017900	18.513901
0.018000	23.929899
0.018100	24.114500
0.018200	12.697800
0.018300	-0.103808
0.018400	-16.998199
0.018500	-11.920600
0.018600	-4.565890
0.018700	-16.536600
0.018800	-24.783800
0.018900	-29.399700
0.019000	-43.616798
0.019100	-53.771900
0.019200	-59.034100
0.019300	-56.941502
0.019400	-40.201000
0.019500	-41.985901
0.019600	-52.356400
0.019700	-44.324600
0.019800	-40.970402
0.019900	-40.016399
0.020000	-23.737499
0.020100	-31.676901
0.020200	-58.326302
0.020300	-59.003300
0.020400	-14.413300
0.020500	26.884100
0.020600	6.820120
0.020700	-39.431702
0.020800	-52.633301
0.020900	-25.214600
0.021000	0.757836
0.021100	-9.489570
0.021200	-45.370899
0.021300	-63.403900
0.021400	-51.125401
0.021500	-35.308102
0.021600	-24.137501
0.021700	-26.845501
0.021800	-26.107000
0.021900	-5.704490
0.022000	1.865660
0.022100	-9.151070
0.022200	-19.829300
0.022300	-19.767799
0.022400	-21.675699
0.022500	-21.060200
0.022600	-11.797500
0.022700	-1.488590
0.022800	-9.981940
0.022900	-17.059700
0.023000	-12.166800
0.023100	-31.615400
0.023200	-68.481400
0.023300	-77.559402
0.023400	-45.278599
0.023500	9.005000
0.023600	34.392700
0.023700	12.667000
0.023800	-25.737700
0.023900	-56.941502
0.024000	-55.618301
0.024100	-47.986599
0.024200	-41.154999
0.024300	-30.138300
0.024400	-32.815498
0.024500	-33.030899
0.024600	-19.521601
0.024700	-15.828800
0.024800	-20.875601
0.024900	-7.181600
0.025000	-16.782801
0.025100	-20.229300
0.025200	-0.657722
0.025300	-15.336400
0.025400	-28.353399
0.025500	-32.815498
0.025600	-57.987801
0.025700	-35.585098
0.025800	13.282400
0.025900	26.330200
0.026000	10.666700
0.026100	-23.429701
0.026200	-29.768999
0.026300	-6.966190
0.026400	-2.750290
0.026500	6.604710
0.026600	24.422300
0.026700	4.265960
0.026800	-18.998400
0.026900	0.757836
0.027000	21.406500
0.027100	-28.784201
0.027200	-98.300499
0.027300	-72.635803
0.027400	2.850400
0.027500	10.912900
0.027600	-14.597900
0.027700	-21.183300
0.027800	-21.152500
0.027900	-30.322901
0.028000	-24.352900
0.028100	15.744300
0.028200	5.835380
0.028300	-56.972301
0.028400	-60.603500
0.028500	8.112580
0.028600	52.210300
0.028700	23.068300
0.028800	-5.827590
0.028900	-2.904150
0.029000	-24.599100
0.029100	-50.233002
0.029200	-29.153500
0.029300	-9.766530
0.029400	-33.307899
0.029500	-35.923599
0.029600	-11.551400
0.029700	13.251700
0.029800	14.975000
0.029900	-15.982700
0.030000	-44.201500
0.030100	-70.327797
0.030200	-65.742599
0.030300	-16.905899
0.030400	-3.334970
0.030500	-28.476500
0.030600	-30.230600
0.030700	-11.397500
0.030800	20.667999
0.030900	31.592400
0.031000	-32.538502
0.031100	-89.191597
0.031200	-70.020103
0.031300	-29.984400
0.031400	5.035280
0.031500	14.144100
0.031600	-18.967699
0.031700	-64.327103
0.031800	-88.883904
0.031900	-67.496696
0.032000	-24.445299
0.032100	-20.875601
0.032200	-34.538799
0.032300	-30.322901
0.032400	-28.353399
0.032500	-33.369400
0.032600	-29.953600
0.032700	-25.522301
0.032800	-27.522600
0.032900	-33.584801
0.033000	-39.585602
0.033100	-31.984600
0.033200	-15.090300
0.033300	0.142376
0.033400	2.173390
0.033500	-6.504590
0.033600	-3.334970
0.033700	0.665517
0.033800	-11.643700
0.033900	-25.645399
0.034000	-23.891300
0.034100	-29.153500
0.034200	-44.324600
0.034300	-49.494499
0.034400	-42.478199
0.034500	-31.830799
0.034600	0.727063
0.034700	33.777302
0.034800	15.436600
0.034900	-27.953400
0.035000	-44.232300
0.035100	-14.105500
0.035200	12.790100
0.035300	11.097600
0.035400	-16.167299
0.035500	-21.460300
0.035600	22.360500
0.035700	32.915600
0.035800	5.866150
0.035900	-9.274160
0.036000	-11.366700
0.036100	-19.890800
0.036200	-35.492802
0.036300	-38.169998
0.036400	-39.154701
0.036500	-49.279099
0.036600	-29.553600
0.036700	-9.366480
0.036800	3.188900
0.036900	17.282900
0.037000	0.819382
0.037100	-39.400902
0.037200	-64.911697
0.037300	-48.048100
0.037400	-29.707399
0.037500	-9.643440
0.037600	3.312000
0.037700	-15.859600
0.037800	-64.265503
0.037900	-81.652298
0.038000	-25.122299
0.038100	-2.134830
0.038200	-25.553101
0.038300	-23.737499
0.038400	-11.643700
0.038500	-2.165600
0.038600	-4.165840
0.038700	-6.381500
0.038800	-15.674900
0.038900	-49.679100
0.039000	-59.464901
0.039100	-34.108002
0.039200	-5.796810
0.039300	1.311750
0.039400	-26.814800
0.039500	-35.585098
0.039600	-18.998400
0.039700	-8.689470
0.039800	5.035280
0.039900	0.019284
0.040000	-21.398701
0.040100	-37.646900
0.040200	-52.910301
0.040300	-45.216999
0.040400	0.234695
0.040500	36.546799
0.040600	15.652000
0.040700	-28.999701
0.040800	-23.829800
0.040900	9.405050
0.041000	9.928190
0.041100	-11.828300
0.041200	-13.890100
0.041300	-14.259400
0.041400	-9.797300
0.041500	4.173640
0.041600	-2.719510
0.041700	-16.044201
0.041800	-20.937099
0.041900	-4.381250
0.042000	13.897900
0.042100	-6.627680
0.042200	-37.677601
0.042300	-37.000599
0.042400	-19.490801
0.042500	-18.936899
0.042600	-9.612660
0.042700	1.527160
0.042800	-13.274700
0.042900	-22.506599
0.043000	-23.091200
0.043100	-25.553101
0.043200	-19.737000
0.043300	-19.090700
0.043400	-29.399700
0.043500	-24.383699
0.043600	-14.136300
0.043700	-16.136499
0.043800	-27.461000
0.043900	-29.338200
0.044000	-25.860800
0.044100	-24.629900
0.044200	-14.874800
0.044300	-3.981210
0.044400	4.604460
0.044500	-0.073035
0.044600	-28.199600
0.044700	-41.247299
0.044800	-25.583900
0.044900	-21.552601
0.045000	-21.675699
0.045100	-3.211880
0.045200	-2.288690
0.045300	-27.645599
0.045400	-25.614599
0.045500	-10.874400
0.045600	-15.151800
0.045700	-16.690500
0.045800	-17.982901
0.045900	-36.877499
0.046000	-63.003799
0.046100	-52.233299
0.046200	-24.014400
0.046300	-29.461201
0.046400	-38.262299
0.046500	-29.892099
0.046600	-13.828600
0.046700	-1.242410
0.046800	-26.753201
0.046900	-65.065598
0.047000	-60.449699
0.047100	-19.429300
0.047200	7.558670
0.047300	-16.628901
0.047400	-57.403099
0.047500	-45.401699
0.047600	-13.243900
0.047700	-12.259100
0.047800	-9.951170
0.047900	2.296490
0.048000	0.019284
0.048100	7.804850
0.048200	31.530800
0.048300	16.821301
0.048400	-19.829300
0.048500	-29.030399
0.048600	-11.828300
0.048700	-1.919410
0.048800	-2.811830
0.048900	19.590900
0.049000	23.837601
0.049100	-11.428300
0.049200	-27.861099
0.049300	-34.200298
0.049400	-29.645901
0.049500	-13.274700
0.049600	-9.704980
0.049700	-10.935900
0.049800	-21.706499
0.049900	-41.154999
0.050000	-51.617802
0.050100	-28.076500
0.050200	-0.873133
0.050300	-8.843340
0.050400	-11.089800
0.050500	-17.152000
0.050600	-36.385201
0.050700	-31.923100
0.050800	-29.768999
0.050900	-40.754902
0.051000	-33.246300
0.051100	-12.751500
0.051200	-12.782300
0.051300	-33.923302
0.051400	-39.770199
0.051500	-46.509499
0.051600	-42.632099
0.051700	-15.459500
0.051800	-25.676201
0.051900	-47.032600
0.052000	-50.048401
0.052100	-67.281303
0.052200	-69.927696
0.052300	-28.568800
0.052400	-9.520350
0.052500	-40.478001
0.052600	-53.371899
0.052700	-75.251503
0.052800	-74.789902
0.052900	-12.320700
0.053000	1.096340
0.053100	-41.647400
0.053200	-45.247799
0.053300	-10.751300
0.053400	-21.768000
0.053500	-49.771400
0.053600	-20.906401
0.053700	-16.875099
0.053800	-40.847301
0.053900	-4.996710
0.054000	29.746000
0.054100	11.128300
0.054200	-6.473820
0.054300	-21.183300
0.054400	-27.245600
0.054500	-4.658210
0.054600	35.839100
0.054700	44.640099
0.054800	-5.335220
0.054900	-52.017899
0.055000	-28.907301
0.055100	11.466800
0.055200	-2.565650
0.055300	-27.491800
0.055400	-29.399700
0.055500	-45.340099
0.055600	-79.251999
0.055700	-53.833500
0.055800	11.928400
0.055900	17.929199
0.056000	-3.735020
0.056100	2.358030
0.056200	-12.043700
0.056300	-31.523001
0.056400	-25.522301
0.056500	-14.228600
0.056600	-18.198299
0.056700	-38.723900
0.056800	-35.061901
0.056900	-19.860100
0.057000	-21.644899
0.057100	-27.891800
0.057200	-24.291401
0.057300	-6.966190
0.057400	-6.412270
0.057500	-18.198299
0.057600	-19.521601
0.057700	-28.261101
0.057800	-48.879002
0.057900	-51.710098
0.058000	-29.922800
0.058100	-38.662399
0.058200	-51.710098
0.058300	-42.047401
0.058400	-38.847000
0.058500	-34.908100
0.058600	-20.475500
0.058700	-9.766530
0.058800	-7.397010
0.058900	-21.583401
0.059000	-41.555000
0.059100	-38.939301
0.059200	-33.769501
0.059300	-17.798300
0.059400	-3.088790
0.059500	-31.646099
0.059600	-55.895302
0.059700	-29.892099
0.059800	-8.443290
0.059900	-21.614100
0.060000	-22.629601
0.060100	-18.906099
0.060200	-35.277302
0.060300	-41.708900
0.060400	-29.245800
0.060500	-47.740398
0.060600	-68.912201
0.060700	-47.248001
0.060800	-21.737200
0.060900	-39.585602
0.061000	-48.632801
0.061100	-26.599400
0.061200	-24.845301
0.061300	-32.046200
0.061400	-27.522600
0.061500	-23.922100
0.061600	-32.569302
0.061700	-48.971298
0.061800	-54.602798
0.061900	-33.554100
0.062000	-15.644200
0.062100	-24.629900
0.062200	-40.447201
0.062300	-48.725101
0.062400	-40.478001
0.062500	-24.537600
0.062600	-15.459500
0.062700	-27.061001
0.062800	-56.572300
0.062900	-62.449902
0.063000	-34.569599
0.063100	-22.167999
0.063200	-51.710098
0.063300	-66.850403
0.063400	-49.002102
0.063500	-42.970600
0.063600	-39.523998
0.063700	-20.013901
0.063800	-19.890800
0.063900	-42.262798
0.064000	-28.630400
0.064100	-3.458060
0.064200	-19.890800
0.064300	-52.294800
0.064400	-67.681297
0.064500	-57.957001
0.064600	-34.846500
0.064700	-27.061001
0.064800	-38.046902
0.064900	-48.632801
0.065000	-44.016899
0.065100	-23.645201
0.065200	-10.105000
0.065300	-3.488840
0.065400	11.928400
0.065500	-7.520100
0.065600	-45.801701
0.065700	-27.738001
0.065800	2.665760
0.065900	-15.828800
0.066000	-28.199600
0.066100	-19.829300
0.066200	-10.505100
0.066300	-21.337200
0.066400	-53.248798
0.066500	-51.771702
0.066600	-17.336700
0.066700	5.866150
0.066800	-12.105300
0.066900	-50.417702
0.067000	-50.540798
0.067100	-18.690701
0.067200	-16.290400
0.067300	-30.169001
0.067400	-24.076000
0.067500	-20.352400
0.067600	-35.462002
0.067700	-26.599400
0.067800	-4.504350
0.067900	-7.458550
0.068000	-22.352699
0.068100	-31.799999
0.068200	-33.769501
0.068300	-26.322399
0.068400	-26.137800
0.068500	-23.183599
0.068600	-14.874800
0.068700	-34.692699
0.068800	-39.647099
0.068900	-21.583401
0.069000	-18.321400
0.069100	-18.075199
0.069200	-19.429300
0.069300	-29.307400
0.069400	-37.554501
0.069500	-29.307400
0.069600	-25.676201
0.069700	-35.708199
0.069800	-37.985401
0.069900	-37.000599
0.070000	-31.861500
0.070100	-12.351500
0.070200	-8.012470
0.070300	-26.722500
0.070400	-32.477001
0.070500	-18.690701
0.070600	-15.367200
0.070700	-8.320200
0.070800	-4.319710
0.070900	-15.767300
0.071000	-20.690901
0.071100	-23.399000
0.071200	-32.692402
0.071300	-38.785500
0.071400	-31.923100
0.071500	-17.090500
0.071600	-14.228600
0.071700	-19.921600
0.071800	-25.183800
0.071900	-26.260900
0.072000	-16.936600
0.072100	-2.227140
0.072200	5.035280
0.072300	5.404560
0.072400	-3.735020
0.072500	-14.228600
0.072600	-19.275400
0.072700	-27.368700
0.072800	-35.708199
0.072900	-30.045900
0.073000	-32.169300
0.073100	-39.185501
0.073200	-28.907301
0.073300	-17.090500
0.073400	-9.643440
0.073500	-11.828300
0.073600	-24.352900
0.073700	-31.769199
0.073800	-23.029699
0.073900	-21.060200
0.074000	-33.061699
0.074100	-31.030701
0.074200	-28.045700
0.074300	-39.339401
0.074400	-38.877800
0.074500	-22.383499
0.074600	-21.091000
0.074700	-30.722900
0.074800	-24.014400
0.074900	-9.243390
0.075000	-11.705200
0.075100	-29.061199
0.075200	-33.861801
0.075300	-22.229601
0.075400	-19.183100
0.075500	-19.644699
0.075600	-12.720700
0.075700	-6.196860
0.075800	-4.504350
0.075900	-3.242650
0.076000	-7.427780
0.076100	-19.829300
0.076200	-26.691700
0.076300	-17.613600
0.076400	-19.798500
0.076500	-35.800499
0.076600	-29.091999
0.076700	-23.275900
0.076800	-30.722900
0.076900	-38.785500
0.077000	-37.277599
0.077100	-22.075701
0.077200	-21.583401
0.077300	-34.169498
0.077400	-32.600101
0.077500	-33.831001
0.077600	-34.754200
0.077700	-27.891800
0.077800	-28.445700
0.077900	-31.892300
0.078000	-36.600601
0.078100	-31.153799
0.078200	-21.952600
0.078300	-20.721701
0.078400	-19.767799
0.078500	-18.752199
0.078600	-18.290701
0.078700	-20.690901
0.078800	-22.475800
0.078900	-16.475000
0.079000	-10.505100
0.079100	-14.721000
0.079200	-24.476000
0.079300	-25.399200
0.079400	-15.028700
0.079500	-12.197600
0.079600	-20.752501
0.079700	-18.967699
0.079800	-18.229099
0.079900	-26.230101
0.080000	-20.198601
0.080100	-7.889380
0.080200	-13.705500
0.080300	-22.537300
0.080400	-17.859800
0.080500	-9.428030
0.080600	-9.951170
0.080700	-14.690200
0.080800	-9.951170
0.080900	-4.904400
0.081000	-12.905400
0.081100	-23.337400
0.081200	-24.722200
0.081300	-22.506599
0.081400	-15.828800
0.081500	-7.397010
0.081600	-12.813100
0.081700	-16.875099
0.081800	-13.674700
0.081900	-13.336200
0.082000	-10.997400
0.082100	-8.751020
0.082200	-5.981450
0.082300	-6.566140
0.082400	-12.443800
0.082500	-6.750780
0.082600	0.327014
0.082700	-5.642950
0.082800	-3.027240
0.082900	1.342520
0.083000	-10.043500
0.083100	-17.859800
0.083200	-12.105300
0.083300	-4.812080
0.083400	-4.627440
0.083500	-13.028500
0.083600	-22.414200
0.083700	-22.937401
0.083800	-15.274900
0.083900	-11.459000
0.084000	-15.551900
0.084100	-21.091000
0.084200	-15.213400
0.084300	-4.473570
0.084400	-8.197110
0.084500	-16.321199
0.084600	-15.182600
0.084700	-12.289900
0.084800	-12.505300
0.084900	-13.920900
0.085000	-7.950920
0.085100	-5.427540
0.085200	-12.166800
0.085300	-9.674210
0.085400	-2.227140
0.085500	-3.027240
0.085600	-6.289180
0.085700	-12.659200
0.085800	-16.690500
0.085900	-13.274700
0.086000	-9.981940
0.086100	-9.120300
0.086200	-9.335710
0.086300	-12.382200
0.086400	-9.858850
0.086500	-5.427540
0.086600	-6.012220
0.086700	-0.196127
0.086800	7.127850
0.086900	1.034790
0.087000	-7.150820
0.087100	-5.335220
0.087200	-4.319710
0.087300	-6.043000
0.087400	-5.673720
0.087500	-4.319710
0.087600	-5.827590
0.087700	-10.782000
0.087800	-12.782300
0.087900	-10.228100
0.088000	-6.196860
0.088100	-4.319710
0.088200	-5.612170
0.088300	-4.258160
0.088400	-4.135070
0.088500	-6.566140
0.088600	-8.566380
0.088700	-12.013000
0.088800	-11.828300
0.088900	-7.797060
0.089000	-8.197110
0.089100	-7.335460
0.089200	-0.996225
0.089300	0.050057
0.089400	-2.596420
0.089500	-4.042750
0.089600	-7.120050
0.089700	-8.043240
0.089800	-8.227880
0.089900	-9.551120
0.090000	-10.505100
0.090100	-9.735760
0.090200	-3.827340
0.090300	-0.688495
0.090400	-4.350480
0.090500	-7.981700
0.090600	-8.904890
0.090700	-6.996960
0.090800	-3.919660
0.090900	-7.643190
0.091000	-11.705200
0.091100	-10.874400
0.091200	-10.351200
0.091300	-8.966430
0.091400	-8.135560
0.091500	-7.920150
0.091600	-4.319710
0.091700	-3.950430
0.091800	-4.258160
0.091900	-3.181110
0.092000	-6.258410
0.092100	-5.950680
0.092200	-1.734780
0.092300	-1.611680
0.092400	-4.442800
0.092500	-6.781550
0.092600	-5.458310
0.092700	-5.489080
0.092800	-5.304440
0.092900	-2.381010
0.093000	-2.381010
0.093100	-4.258160
0.093200	-5.242900
0.093300	-3.119560
0.093400	0.234695
0.093500	0.050057
0.093600	-2.257920
0.093700	-3.088790
0.093800	-3.519610
0.093900	-4.565890
0.094000	-5.181350
0.094100	-5.919900
0.094200	-5.827590
0.094300	-5.119810
0.094400	-6.443050
0.094500	-7.120050
0.094600	-5.796810
0.094700	-4.473570
0.094800	-4.135070
0.094900	-5.981450
0.095000	-7.520100
0.095100	-8.412520
0.095200	-5.519860
0.095300	-3.150330
0.095400	-4.473570
0.095500	-5.304440
0.095600	-5.335220
0.095700	-5.704490
0.095800	-4.873620
0.095900	-5.365990
0.096000	-4.873620
0.096100	-3.027240
0.096200	-1.673230
0.096300	-1.180860
0.096400	-1.550140
0.096500	-0.934679
0.096600	-1.396270
0.096700	-5.550630
0.096800	-8.227880
0.096900	-5.150580
0.097000	-1.765550
0.097100	-6.381500
0.097200	-10.751300
0.097300	-10.105000
0.097400	-7.981700
0.097500	-5.981450
0.097600	-4.688980
0.097700	-4.596670
0.097800	-6.227630
0.097900	-5.581400
0.098000	-4.842850
0.098100	-5.889130
0.098200	-4.627440
0.098300	-2.719510
0.098400	-3.488840
0.098500	-5.796810
0.098600	-6.473820
0.098700	-5.089030
0.098800	-3.458060
0.098900	-5.150580
0.099000	-10.135800
0.099100	-10.228100
0.099200	-4.135070
0.099300	-1.427050
0.099400	-0.288446
0.099500	1.065570
0.099600	-0.134581
0.099700	-1.427050
0.099800	-2.965700
0.099900	-4.781300
0.100000	-6.566140
0.100100	-4.812080
0.100200	-3.458060
0.100300	-4.812080
0.100400	-2.596420
0.100500	-0.380765
0.100600	-5.058260
0.100700	-8.443290
0.100800	-5.981450
0.100900	-4.873620
0.101000	-8.074010
0.101100	-8.966430
0.101200	-5.489080
0.101300	-4.350480
0.101400	-6.966190
0.101500	-8.197110
0.101600	-6.658460
0.101700	-5.858360
0.101800	-7.581650
0.101900	-6.196860
0.102000	-3.950430
0.102100	-4.658210
0.102200	-4.011980
0.102300	-2.873380
0.102400	-4.288940
0.102500	-5.550630
0.102600	-3.581160
0.102700	-0.842360
0.102800	-1.488590
0.102900	-2.534870
0.103000	-4.504350
0.103100	-6.443050
0.103200	-4.473570
0.103300	-2.781060
0.103400	-5.427540
0.103500	-6.135320
0.103600	-2.473330
0.103700	-2.657970
0.103800	-5.119810
0.103900	-3.119560
0.104000	-0.349992
0.104100	0.419333
0.104200	-0.473084
0.104300	-1.365500
0.104400	-1.704000
0.104500	-2.688740
0.104600	-4.842850
0.104700	-4.996710
0.104800	-4.688980
0.104900	-5.304440
0.105000	-4.719760
0.105100	-3.027240
0.105200	-4.258160
0.105300	-3.458060
0.105400	1.804120
0.105500	2.388810
0.105600	-2.627190
0.105700	-3.673480
0.105800	-1.488590
0.105900	-2.473330
0.106000	-4.935170
0.106100	-3.919660
0.106200	-0.626949
0.106300	0.419333
0.106400	-2.904150
0.106500	-3.334970
0.106600	-1.150090
0.106700	-1.642460
0.106800	-3.273430
0.106900	-3.427290
0.107000	-5.273670
0.107100	-6.873870
0.107200	-7.120050
0.107300	-5.273670
0.107400	-6.904640
0.107500	-11.582100
0.107600	-10.474300
0.107700	-7.427780
0.107800	-5.827590
0.107900	-2.904150
0.108000	0.173149
0.108100	0.327014
0.108200	-5.150580
0.108300	-5.858360
0.108400	-2.350240
0.108500	-0.349992
0.108600	1.373300
0.108700	-0.196127
0.108800	-2.811830
0.108900	-4.565890
0.109000	-5.242900
0.109100	-2.750290
0.109200	-4.196620
0.109300	-4.719760
0.109400	-6.196860
0.109500	-7.427780
0.109600	-5.212130
0.109700	-5.919900
0.109800	-6.135320
0.109900	-4.965940
0.110000	-3.519610
0.110100	-3.581160
0.110200	-3.058020
0.110300	-0.934679
0.110400	-4.442800
0.110500	-5.796810
0.110600	-2.504100
0.110700	-2.011730
0.110800	-4.258160
0.110900	-5.519860
0.111000	-4.381250
0.111100	-3.058020
0.111200	-1.611680
0.111300	2.050300
0.111400	4.912190
0.111500	5.466110
0.111600	3.158130
0.111700	-1.211640
0.111800	-1.488590
0.111900	0.973247
0.112000	-1.827100
0.112100	-4.935170
0.112200	-4.165840
0.112300	-4.319710
0.112400	-5.919900
0.112500	1.127110
0.112600	8.543410
0.112700	5.650740
0.112800	0.388560
0.112900	0.819382
0.113000	3.004270
0.113100	1.127110
0.113200	-0.473084
0.113300	-1.642460
0.113400	-4.042750
0.113500	-4.596670
0.113600	-1.888640
0.113700	-2.227140
0.113800	-4.011980
0.113900	-1.827100
0.114000	1.004020
0.114100	-1.057770
0.114200	-3.611930
0.114300	-2.319460
0.114400	-2.781060
0.114500	-4.104300
0.114600	-3.242650
0.114700	-3.827340
0.114800	-4.288940
0.114900	-1.180860
0.115000	2.450350
0.115100	3.804360
0.115200	2.665760
0.115300	0.942474
0.115400	3.404310
0.115500	4.481370
0.115600	3.650500
0.115700	2.973490
0.115800	1.404070
0.115900	0.296241
0.116000	-0.780814
0.116100	0.911701
0.116200	2.881170
0.116300	1.711800
0.116400	1.496390
0.116500	3.989000
0.116600	4.789100
0.116700	1.280980
0.116800	-2.442560
0.116900	-2.904150
0.117000	0.942474
0.117100	3.250450
0.117200	0.142376
0.117300	-2.534870
0.117400	-0.165354
0.117500	0.111603
0.117600	-1.057770
0.117700	0.050057
0.117800	-0.534630
0.117900	-3.550380
0.118000	-4.319710
0.118100	-3.427290
0.118200	-2.042510
0.118300	-2.104050
0.118400	-1.857870
0.118500	-1.365500
0.118600	-4.258160
0.118700	-7.335460
0.118800	-6.258410
0.118900	0.050057
0.119000	2.696540
0.119100	-3.581160
0.119200	-2.996470
0.119300	4.819870
0.119400	3.373540
0.119500	-1.150090
0.119600	0.942474
0.119700	1.834890
0.119800	-0.626949
0.119900	-0.442311
0.120000	2.419580
0.120100	1.465620
0.120200	1.250200
0.120300	5.496880
0.120400	3.865910
0.120500	-4.135070
0.120600	-6.935410
0.120700	-0.073035
0.120800	4.142870
0.120900	0.234695
0.121000	-0.565403
0.121100	4.542920
0.121200	4.912190
0.121300	0.850155
0.121400	1.188660
0.121500	1.742570
0.121600	-1.057770
0.121700	-0.565403
0.121800	2.142620
0.121900	-0.657722
0.122000	-2.565650
0.122100	0.173149
0.122200	1.804120
0.122300	0.942474
0.122400	0.942474
0.122500	2.973490
0.122600	4.327500
0.122700	2.019530
0.122800	-0.873133
0.122900	-0.349992
0.123000	4.358280
0.123100	9.558910
0.123200	7.558670
0.123300	0.050057
0.123400	-6.196860
0.123500	-4.812080
0.123600	-0.042262
0.123700	0.727063
0.123800	0.142376
0.123900	-1.704000
0.124000	-3.888890
0.124100	-2.873380
0.124200	1.219430
0.124300	2.696540
0.124400	2.050300
0.124500	4.942960
0.124600	5.896930
0.124700	1.681030
0.124800	-0.103808
0.124900	-3.550380
0.125000	-7.335460
0.125100	-5.150580
0.125200	-0.473084
0.125300	0.542425
0.125400	-1.242410
0.125500	-0.750041
0.125600	1.219430
0.125700	2.327260
0.125800	1.250200
0.125900	-1.119320
0.126000	-11.028200
0.126100	-18.598400
0.126200	-11.951400
0.126300	-2.011730
0.126400	5.558420
0.126500	8.604950
0.126600	5.158380
0.126700	-1.673230
0.126800	-7.212370
0.126900	-6.043000
0.127000	-1.180860
0.127100	-1.303950
0.127200	-0.042262
0.127300	2.327260
0.127400	-0.626949
0.127500	0.511652
0.127600	6.204660
0.127700	4.696780
0.127800	-2.288690
0.127900	-3.150330
0.128000	3.619730
0.128100	6.235430
0.128200	3.465860
0.128300	4.942960
0.128400	4.481370
0.128500	-2.411780
0.128600	-5.212130
0.128700	-3.211880
0.128800	-1.365500
0.128900	-2.719510
0.129000	-1.704000
0.129100	6.081570
0.129200	5.127600
0.129300	-1.734780
0.129400	1.650250
0.129500	4.789100
0.129600	-1.242410
0.129700	-7.120050
0.129800	-0.657722
0.129900	9.312730
0.130000	4.512140
0.130100	-5.304440
0.130200	-6.043000
0.130300	-2.411780
0.130400	1.034790
0.130500	5.219920
0.130600	5.004510
0.130700	1.373300
0.130800	-2.227140
0.130900	-4.688980
0.131000	-0.103808
0.131100	2.758080
0.131200	1.834890
0.131300	1.157890
0.131400	-1.611680
0.131500	-2.596420
0.131600	-0.134581
0.131700	4.542920
0.131800	6.050790
0.131900	2.019530
0.132000	0.819382
0.132100	1.404070
0.132200	0.542425
0.132300	-0.411538
0.132400	0.327014
0.132500	0.357787
0.132600	2.419580
0.132700	5.281470
0.132800	-0.257673
0.132900	-3.888890
0.133000	-1.273180
0.133100	0.727063
0.133200	2.204170
0.133300	2.450350
0.133400	0.634744
0.133500	0.296241
0.133600	1.065570
0.133700	5.373790
0.133800	7.466350
0.133900	1.896440
0.134000	-2.442560
0.134100	-1.303950
0.134200	1.157890
0.134300	1.619480
0.134400	0.142376
0.134500	-1.580910
0.134600	1.742570
0.134700	4.019770
0.134800	0.265468
0.134900	-1.303950
0.135000	-1.857870
0.135100	-1.242410
0.135200	0.173149
0.135300	1.096340
0.135400	5.958470
0.135500	10.759100
0.135600	9.989740
0.135700	1.711800
0.135800	-4.904400
0.135900	-4.412030
0.136000	-1.857870
0.136100	3.989000
0.136200	6.635480
0.136300	3.250450
0.136400	-2.657970
0.136500	-0.011489
0.136600	6.789340
0.136700	4.112090
0.136800	0.603971
0.136900	1.804120
0.137000	4.081320
0.137100	2.142620
0.137200	1.496390
0.137300	2.850400
0.137400	0.327014
0.137500	-2.350240
0.137600	1.342520
0.137700	4.881420
0.137800	-0.134581
0.137900	-6.873870
0.138000	-4.596670
0.138100	6.666250
0.138200	13.559400
0.138300	9.528140
0.138400	0.727063
0.138500	-5.119810
0.138600	-4.750530
0.138700	-0.411538
0.138800	1.865660
0.138900	0.142376
0.139000	2.850400
0.139100	3.927460
0.139200	-1.673230
0.139300	-3.735020
0.139400	-0.780814
0.139500	3.619730
0.139600	6.050790
0.139700	4.481370
0.139800	-0.534630
0.139900	-2.319460
0.140000	0.296241
0.140100	4.081320
0.140200	6.050790
0.140300	-0.349992
0.140400	-3.181110
0.140500	5.527650
0.140600	8.297220
0.140700	1.681030
0.140800	-1.303950
0.140900	-0.134581
0.141000	-1.857870
0.141100	-3.273430
0.141200	1.219430
0.141300	3.465860
0.141400	0.634744
0.141500	0.757836
0.141600	2.604220
0.141700	-1.119320
0.141800	1.004020
0.141900	9.497370
0.142000	6.697030
0.142100	-2.565650
0.142200	-4.412030
0.142300	0.911701
0.142400	7.097070
0.142500	6.081570
0.142600	0.111603
0.142700	-1.150090
0.142800	1.681030
0.142900	4.666010
0.143000	2.388810
0.143100	0.050057
0.143200	3.435090
0.143300	5.435330
0.143400	1.465620
0.143500	-1.457820
0.143600	2.081080
0.143700	4.019770
0.143800	-1.119320
0.143900	-4.504350
0.144000	-0.411538
0.144100	5.958470
0.144200	5.004510
0.144300	0.080830
0.144400	-0.257673
0.144500	2.973490
0.144600	3.896680
0.144700	0.296241
0.144800	-0.965452
0.144900	2.204170
0.145000	1.588710
0.145100	-0.719268
0.145200	1.065570
0.145300	3.158130
0.145400	0.173149
0.145500	-3.058020
0.145600	-1.057770
0.145700	4.942960
0.145800	4.942960
0.145900	-0.534630
0.146000	-2.073280
0.146100	0.203922
0.146200	0.665517
0.146300	1.157890
0.146400	3.804360
0.146500	2.542670
0.146600	0.296241
0.146700	1.557930
0.146800	3.096580
0.146900	2.542670
0.147000	0.603971
0.147100	0.265468
0.147200	1.650250
0.147300	0.788609
0.147400	-2.381010
0.147500	-0.596176
0.147600	5.743060
0.147700	7.035530
0.147800	1.988760
0.147900	-1.857870
0.148000	-1.303950
0.148100	3.158130
0.148200	5.496880
0.148300	2.204170
0.148400	-0.719268
0.148500	-0.442311
0.148600	0.665517
0.148700	-0.103808
0.148800	2.511900
0.148900	4.881420
0.149000	0.450106
0.149100	-1.242410
0.149200	4.081320
0.149300	6.327750
0.149400	3.650500
0.149500	1.588710
0.149600	-0.103808
0.149700	-0.288446
0.149800	2.142620
0.149900	1.927210
0.150000	-0.411538
0.150100	-0.226900
0.150200	1.034790
0.150300	2.296490
0.150400	1.034790
0.150500	-1.919410
0.150600	-0.411538
0.150700	1.927210
0.150800	3.619730
0.150900	3.773590
0.151000	-0.503857
0.151100	-1.211640
0.151200	3.989000
0.151300	4.419820
0.151400	1.496390
0.151500	2.511900
0.151600	4.327500
0.151700	3.650500
0.151800	0.788609
0.151900	0.573198
0.152000	3.896680
0.152100	3.773590
0.152200	0.696290
0.152300	-0.042262
0.152400	1.588710
0.152500	2.573440
0.152600	2.450350
0.152700	1.619480
0.152800	3.373540
0.152900	6.635480
0.153000	5.127600
0.153100	1.065570
0.153200	-0.319219
0.153300	0.757836
0.153400	1.096340
0.153500	1.434840
0.153600	5.558420
0.153700	5.712290
0.153800	0.850155
0.153900	0.019284
0.154000	2.111850
0.154100	3.158130
0.154200	4.450600
0.154300	5.958470
0.154400	2.481120
0.154500	-1.365500
0.154600	-0.380765
0.154700	2.111850
0.154800	3.404310
0.154900	2.173390
0.155000	2.296490
0.155100	3.188900
0.155200	2.450350
0.155300	3.342770
0.155400	7.004760
0.155500	7.681760
0.155600	2.511900
0.155700	-2.811830
0.155800	-2.750290
0.155900	1.742570
0.156000	5.096830
0.156100	3.035040
0.156200	1.157890
0.156300	1.434840
0.156400	2.296490
0.156500	3.650500
0.156600	4.358280
0.156700	4.789100
0.156800	3.927460
0.156900	1.804120
0.157000	-0.319219
0.157100	-0.811587
0.157200	-0.134581
0.157300	1.773350
0.157400	3.865910
0.157500	5.219920
0.157600	3.835140
0.157700	-0.626949
0.157800	1.065570
0.157900	6.296980
0.158000	5.558420
0.158100	2.296490
0.158200	3.619730
0.158300	3.896680
0.158400	0.203922
0.158500	-0.934679
0.158600	2.173390
0.158700	3.435090
0.158800	2.758080
0.158900	3.650500
0.159000	2.758080
0.159100	1.004020
0.159200	1.188660
0.159300	3.127360
0.159400	3.373540
0.159500	0.480879
0.159600	-0.657722
0.159700	-0.073035
0.159800	1.127110
0.159900	3.989000
0.160000	4.696780
0.160100	4.081320
0.160200	2.942720
0.160300	2.296490
0.160400	2.665760
0.160500	4.327500
0.160600	4.204410
0.160700	1.465620
0.160800	-0.380765
0.160900	-1.088540
0.161000	0.573198
0.161100	4.173640
0.161200	4.050550
0.161300	3.250450
0.161400	3.342770
0.161500	3.496630
0.161600	2.758080
0.161700	1.034790
0.161800	1.465620
0.161900	2.142620
0.162000	-0.196127
0.162100	-1.765550
0.162200	1.804120
0.162300	4.173640
0.162400	3.742820
0.162500	5.558420
0.162600	7.127850
0.162700	4.635230
0.162800	0.573198
0.162900	-0.380765
0.163000	1.065570
0.163100	0.880928
0.163200	0.727063
0.163300	3.312000
0.163400	2.542670
0.163500	-2.165600
0.163600	-2.965700
0.163700	0.419333
0.163800	2.727310
0.163900	3.681270
0.164000	4.358280
0.164100	3.835140
0.164200	1.127110
0.164300	-0.319219
0.164400	3.373540
0.164500	5.404560
0.164600	1.311750
0.164700	-2.534870
0.164800	-0.688495
0.164900	4.542920
0.165000	5.589200
0.165100	3.465860
0.165200	4.789100
0.165300	4.666010
0.165400	1.065570
0.165500	0.880928
0.165600	2.911950
0.165700	3.865910
0.165800	4.358280
0.165900	2.234940
0.166000	-0.873133
0.166100	1.681030
0.166200	7.066300
0.166300	6.389300
0.166400	1.219430
0.166500	0.111603
0.166600	3.188900
0.166700	5.312240
0.166800	4.789100
0.166900	3.558180
0.167000	3.004270
0.167100	2.573440
0.167200	1.681030
0.167300	2.819630
0.167400	3.958230
0.167500	3.927460
0.167600	2.727310
0.167700	1.957980
0.167800	2.419580
0.167900	0.665517
0.168000	-1.150090
0.168100	1.742570
0.168200	3.989000
0.168300	3.281220
0.168400	3.035040
0.168500	4.542920
0.168600	5.712290
0.168700	5.743060
0.168800	5.496880
0.168900	3.865910
0.169000	1.342520
0.169100	1.342520
0.169200	3.188900
0.169300	2.296490
0.169400	1.096340
0.169500	3.281220
0.169600	5.343010
0.169700	3.219680
0.169800	1.034790
0.169900	0.973247
0.170000	1.588710
0.170100	2.081080
0.170200	3.835140
0.170300	3.958230
0.170400	1.342520
0.170500	0.819382
0.170600	2.665760
0.170700	5.373790
0.170800	6.112340
0.170900	2.696540
0.171000	-0.196127
0.171100	2.327260
0.171200	5.066060
0.171300	4.358280
0.171400	1.373300
0.171500	0.542425
0.171600	2.973490
0.171700	3.496630
0.171800	4.573690
0.171900	4.727550
0.172000	1.157890
0.172100	2.696540
0.172200	6.512390
0.172300	4.389050
0.172400	0.296241
0.172500	-0.226900
0.172600	0.942474
0.172700	1.496390
0.172800	1.527160
0.172900	1.896440
0.173000	1.434840
0.173100	1.742570
0.173200	3.342770
0.173300	4.050550
0.173400	2.327260
0.173500	0.727063
0.173600	2.388810
0.173700	4.235190
0.173800	3.527410
0.173900	1.342520
0.174000	0.327014
0.174100	1.742570
0.174200	3.035040
0.174300	3.373540
0.174400	2.296490
0.174500	1.619480
0.174600	4.389050
0.174700	5.681520
0.174800	2.604220
0.174900	0.173149
0.175000	1.280980
0.175100	3.896680
0.175200	3.742820
0.175300	2.634990
0.175400	2.173390
0.175500	-0.073035
0.175600	0.111603
0.175700	3.558180
0.175800	2.911950
0.175900	0.419333
0.176000	1.588710
0.176100	3.650500
0.176200	3.312000
0.176300	1.157890
0.176400	-0.042262
0.176500	1.711800
0.176600	2.758080
0.176700	1.650250
0.176800	1.773350
0.176900	2.081080
0.177000	1.434840
0.177100	1.834890
0.177200	3.219680
0.177300	2.665760
0.177400	1.280980
0.177500	2.696540
0.177600	4.419820
0.177700	3.712040
0.177800	0.819382
0.177900	-0.380765
0.178000	3.127360
0.178100	5.250690
0.178200	3.896680
0.178300	2.819630
0.178400	1.681030
0.178500	0.480879
0.178600	1.527160
0.178700	3.527410
0.178800	1.342520
0.178900	-0.473084
0.179000	2.050300
0.179100	3.835140
0.179200	3.096580
0.179300	2.142620
0.179400	2.388810
0.179500	1.773350
0.179600	1.188660
0.179700	2.265710
0.179800	1.588710
0.179900	-0.626949
0.180000	0.696290
0.180100	4.235190
0.180200	4.019770
0.180300	0.265468
0.180400	-0.073035
0.180500	3.435090
0.180600	3.465860
0.180700	0.850155
0.180800	0.603971
0.180900	1.342520
0.181000	1.527160
0.181100	2.050300
0.181200	2.419580
0.181300	0.850155
0.181400	0.080830
0.181500	1.865660
0.181600	3.065810
0.181700	2.819630
0.181800	1.619480
0.181900	1.280980
0.182000	1.434840
0.182100	1.742570
0.182200	2.511900
0.182300	1.896440
0.182400	1.619480
0.182500	1.465620
0.182600	0.850155
0.182700	0.696290
0.182800	-0.103808
0.182900	-0.288446
0.183000	0.942474
0.183100	3.250450
0.183200	3.896680
0.183300	0.419333
0.183400	-0.565403
0.183500	3.619730
0.183600	4.635230
0.183700	2.388810
0.183800	1.711800
0.183900	2.204170
0.184000	1.742570
0.184100	0.142376
0.184200	1.280980
0.184300	2.542670
0.184400	1.280980
0.184500	0.788609
0.184600	1.557930
0.184700	2.481120
0.184800	4.327500
0.184900	5.527650
0.185000	4.327500
0.185100	0.573198
0.185200	-0.996225
0.185300	0.634744
0.185400	2.911950
0.185500	4.819870
0.185600	5.004510
0.185700	1.342520
0.185800	-4.688980
0.185900	-4.104300
0.186000	3.250450
0.186100	4.727550
0.186200	0.788609
0.186300	-0.165354
0.186400	0.757836
0.186500	1.711800
0.186600	1.250200
0.186700	-0.750041
0.186800	-1.396270
0.186900	0.173149
0.187000	1.619480
0.187100	1.127110
0.187200	1.065570
0.187300	2.019530
0.187400	0.696290
0.187500	-0.226900
0.187600	3.312000
0.187700	5.466110
0.187800	2.604220
0.187900	-0.996225
0.188000	0.419333
0.188100	3.865910
0.188200	2.727310
0.188300	0.880928
0.188400	2.388810
0.188500	1.496390
0.188600	-2.165600
0.188700	-1.303950
0.188800	2.634990
0.188900	2.173390
0.189000	1.957980
0.189100	5.127600
0.189200	5.189150
0.189300	1.342520
0.189400	-0.934679
0.189500	-0.257673
0.189600	0.234695
0.189700	2.204170
0.189800	5.619970
0.189900	4.635230
0.190000	1.588710
0.190100	0.296241
0.190200	1.188660
0.190300	0.942474
0.190400	-2.781060
0.190500	-2.411780
0.190600	2.511900
0.190700	1.619480
0.190800	-1.180860
0.190900	1.127110
0.191000	2.911950
0.191100	3.312000
0.191200	4.912190
0.191300	5.066060
0.191400	1.957980
0.191500	-0.257673
0.191600	1.188660
0.191700	1.342520
0.191800	0.019284
0.191900	-1.303950
0.192000	-2.381010
0.192100	-1.611680
0.192200	0.511652
0.192300	4.204410
0.192400	5.681520
0.192500	1.773350
0.192600	-0.934679
0.192700	0.296241
0.192800	2.573440
0.192900	3.035040
0.193000	1.465620
0.193100	-0.503857
0.193200	-3.888890
0.193300	-4.073520
0.193400	0.173149
0.193500	3.035040
0.193600	6.266200
0.193700	7.497120
0.193800	1.650250
0.193900	-6.596910
0.194000	-5.181350
0.194100	5.558420
0.194200	7.620220
0.194300	3.588950
0.194400	6.081570
0.194500	2.296490
0.194600	-9.181840
0.194700	-9.274160
0.194800	-1.765550
0.194900	-1.365500
0.195000	0.480879
0.195100	7.958720
0.195200	4.542920
0.195300	-3.334970
0.195400	0.265468
0.195500	3.065810
0.195600	-3.119560
0.195700	-3.488840
0.195800	1.034790
0.195900	-3.427290
0.196000	-0.411538
0.196100	9.682010
0.196200	2.265710
0.196300	-4.073520
0.196400	1.280980
0.196500	-3.334970
0.196600	-8.012470
0.196700	-0.288446
0.196800	6.204660
0.196900	5.189150
0.197000	1.588710
0.197100	1.619480
0.197200	5.096830
0.197300	0.542425
0.197400	-4.535120
0.197500	1.280980
0.197600	-0.411538
0.197700	-8.258650
0.197800	1.927210
0.197900	11.528400
0.198000	7.343260
0.198100	2.111850
0.198200	-2.873380
0.198300	-8.935660
0.198400	-8.689470
0.198500	1.742570
0.198600	7.681760
0.198700	4.358280
0.198800	7.527900
0.198900	8.881910
0.199000	-0.196127
0.199100	-5.950680
0.199200	-5.981450
0.199300	-3.027240
0.199400	-2.011730
0.199500	-5.396760
0.199600	-1.980960
0.199700	3.219680
0.199800	-1.180860
0.199900	1.619480
0.200000	10.882200
0.200100	5.004510
0.200200	-4.812080
0.200300	0.450106
0.200400	3.619730
0.200500	-2.288690
0.200600	-0.380765
0.200700	4.635230
0.200800	1.742570
0.200900	-1.057770
0.201000	0.942474
0.201100	0.727063
0.201200	0.327014
0.201300	-0.042262
0.201400	-2.657970
0.201500	-0.380765
0.201600	5.466110
0.201700	5.189150
0.201800	2.173390
0.201900	2.296490
0.202000	0.234695
0.202100	-3.334970
0.202200	-2.319460
0.202300	-2.165600
0.202400	-1.088540
0.202500	3.250450
0.202600	1.404070
0.202700	-3.611930
0.202800	-3.581160
0.202900	-0.996225
0.203000	-0.842360
0.203100	-1.334730
0.203200	2.081080
0.203300	4.512140
0.203400	0.173149
0.203500	-2.688740
0.203600	0.696290
0.203700	2.573440
0.203800	0.296241
0.203900	-1.765550
0.204000	-2.350240
0.204100	-0.657722
0.204200	1.250200
0.204300	3.281220
0.204400	3.096580
0.204500	-0.134581
0.204600	-0.442311
0.204700	0.788609
0.204800	0.665517
0.204900	1.496390
0.205000	1.834890
0.205100	0.173149
0.205200	-1.180860
0.205300	-1.888640
0.205400	-0.349992
0.205500	0.203922
0.205600	-1.950190
0.205700	-0.442311
0.205800	1.465620
0.205900	-1.396270
0.206000	-1.150090
0.206100	2.542670
0.206200	4.112090
0.206300	2.634990
0.206400	-0.319219
0.206500	-2.288690
0.206600	-0.903906
0.206700	0.942474
0.206800	0.942474
0.206900	0.234695
0.207000	-1.057770
0.207100	-2.719510
0.207200	-1.488590
0.207300	2.142620
0.207400	2.911950
0.207500	0.419333
0.207600	-1.704000
0.207700	-1.088540
0.207800	0.419333
0.207900	1.711800
0.208000	1.004020
0.208100	0.265468
0.208200	0.419333
0.208300	-1.550140
0.208400	-3.150330
0.208500	-1.119320
0.208600	1.404070
0.208700	1.250200
0.208800	-1.242410
0.208900	-2.657970
0.209000	-1.611680
0.209100	-1.057770
0.209200	-1.334730
0.209300	0.573198
0.209400	1.588710
0.209500	-1.365500
0.209600	-1.550140
0.209700	0.911701
0.209800	0.542425
0.209900	-1.057770
0.210000	-0.257673
0.210100	0.450106
0.210200	-0.134581
0.210300	0.296241
0.210400	1.311750
0.210500	1.311750
0.210600	1.034790
0.210700	0.603971
0.210800	-0.103808
0.210900	-1.242410
0.211000	-1.365500
0.211100	1.557930
0.211200	2.942720
0.211300	0.727063
0.211400	-1.057770
0.211500	-1.488590
0.211600	-1.980960
0.211700	-1.611680
0.211800	-0.319219
0.211900	1.034790
0.212000	0.573198
0.212100	-1.580910
0.212200	-1.150090
0.212300	1.988760
0.212400	3.373540
0.212500	1.527160
0.212600	-0.011489
0.212700	-0.473084
0.212800	-0.780814
0.212900	-0.411538
0.213000	0.634744
0.213100	0.173149
0.213200	0.203922
0.213300	0.450106
0.213400	-0.719268
0.213500	-0.626949
0.213600	1.219430
0.213700	2.634990
0.213800	1.834890
0.213900	0.173149
0.214000	0.111603
0.214100	1.219430
0.214200	1.619480
0.214300	1.773350
0.214400	2.234940
0.214500	0.542425
0.214600	-1.488590
0.214700	0.173149
0.214800	2.173390
0.214900	1.527160
0.215000	-0.473084
0.215100	-1.396270
0.215200	-1.919410
0.215300	-1.365500
0.215400	0.603971
0.215500	2.388810
0.215600	1.527160
0.215700	0.419333
0.215800	0.327014
0.215900	0.357787
0.216000	1.219430
0.216100	1.004020
0.216200	-0.011489
0.216300	-0.288446
0.216400	-0.934679
0.216500	-0.657722
0.216600	0.050057
0.216700	-0.719268
0.216800	-0.996225
0.216900	-0.073035
0.217000	-0.596176
0.217100	-0.934679
0.217200	0.942474
0.217300	2.358030
0.217400	1.404070
0.217500	-0.380765
0.217600	-0.134581
0.217700	0.973247
0.217800	1.065570
0.217900	-0.442311
0.218000	-1.334730
0.218100	-1.704000
0.218200	-1.088540
0.218300	-0.503857
0.218400	-1.857870
0.218500	-1.611680
0.218600	0.357787
0.218700	0.634744
0.218800	0.480879
0.218900	0.173149
0.219000	-0.319219
0.219100	-0.657722
0.219200	-0.288446
0.219300	1.527160
0.219400	1.465620
0.219500	-1.180860
0.219600	-1.704000
0.219700	0.080830
0.219800	0.296241
0.219900	-0.534630
0.220000	-0.657722
0.220100	-0.903906
0.220200	-0.811587
0.220300	-0.380765
0.220400	-0.196127
0.220500	-0.811587
0.220600	-0.442311
0.220700	0.450106
0.220800	1.004020
0.220900	1.557930
0.221000	0.788609
0.221100	-0.688495
0.221200	-1.427050
0.221300	-1.857870
0.221400	-2.842600
0.221500	-1.457820
0.221600	0.357787
0.221700	0.234695
0.221800	-0.750041
0.221900	-1.488590
0.222000	-0.380765
0.222100	0.727063
0.222200	-0.349992
0.222300	-1.673230
0.222400	-0.780814
0.222500	0.911701
0.222600	0.111603
0.222700	-2.319460
0.222800	-2.688740
0.222900	-1.150090
0.223000	-1.119320
0.223100	-2.042510
0.223200	-0.534630
0.223300	0.665517
0.223400	-1.673230
0.223500	-2.042510
0.223600	0.850155
0.223700	0.757836
0.223800	-0.811587
0.223900	0.388560
0.224000	1.404070
0.224100	-0.503857
0.224200	-1.427050
0.224300	0.603971
0.224400	0.727063
0.224500	0.634744
0.224600	1.527160
0.224700	0.296241
0.224800	-0.626949
0.224900	-0.073035
0.225000	-0.196127
0.225100	1.004020
0.225200	2.327260
0.225300	1.773350
0.225400	0.819382
0.225500	-0.165354
0.225600	-0.842360
0.225700	0.973247
0.225800	0.788609
0.225900	-0.257673
0.226000	1.157890
0.226100	0.296241
0.226200	-2.196370
0.226300	-2.257920
0.226400	-1.580910
0.226500	-0.011489
0.226600	2.234940
0.226700	2.727310
0.226800	0.696290
0.226900	-1.580910
0.227000	-0.411538
0.227100	0.880928
0.227200	-1.180860
0.227300	-2.257920
0.227400	-1.919410
0.227500	-1.642460
0.227600	-1.550140
0.227700	-1.611680
0.227800	0.203922
0.227900	1.280980
0.228000	-0.842360
0.228100	-1.180860
0.228200	0.511652
0.228300	-0.042262
0.228400	0.173149
0.228500	1.065570
0.228600	0.511652
0.228700	-0.626949
0.228800	-0.873133
0.228900	0.327014
0.229000	1.034790
0.229100	0.111603
0.229200	-1.119320
0.229300	-0.780814
0.229400	0.850155
0.229500	1.219430
0.229600	0.050057
0.229700	-0.134581
0.229800	0.296241
0.229900	-0.503857
0.230000	-0.473084
0.230100	0.973247
0.230200	0.665517
0.230300	0.234695
0.230400	1.434840
0.230500	1.557930
0.230600	0.419333
0.230700	-0.411538
0.230800	0.111603
0.230900	0.665517
0.231000	-0.934679
0.231100	-1.673230
0.231200	-0.965452
0.231300	-1.180860
0.231400	-0.811587
0.231500	0.665517
0.231600	1.004020
0.231700	0.080830
0.231800	-0.380765
0.231900	0.296241
0.232000	0.511652
0.232100	-0.011489
0.232200	0.419333
0.232300	0.542425
0.232400	-0.842360
0.232500	-2.411780
0.232600	-1.180860
0.232700	0.511652
0.232800	-0.196127
0.232900	0.573198
0.233000	1.342520
0.233100	-0.442311
0.233200	-2.350240
0.233300	-1.211640
0.233400	0.480879
0.233500	-0.934679
0.233600	-1.704000
0.233700	-0.842360
0.233800	-0.473084
0.233900	-0.842360
0.234000	-0.873133
0.234100	0.419333
0.234200	0.542425
0.234300	0.419333
0.234400	2.173390
0.234500	3.158130
0.234600	1.434840
0.234700	-0.165354
0.234800	-0.411538
0.234900	-2.042510
0.235000	-3.181110
0.235100	-0.503857
0.235200	0.542425
0.235300	-0.996225
0.235400	-1.427050
0.235500	-0.349992
0.235600	0.788609
0.235700	0.819382
0.235800	0.880928
0.235900	0.450106
0.236000	-0.934679
0.236100	-0.596176
0.236200	0.850155
0.236300	0.665517
0.236400	-0.011489
0.236500	-0.811587
0.236600	-1.027000
0.236700	-1.273180
0.236800	-1.242410
0.236900	-0.657722
0.237000	-1.027000
0.237100	-2.073280
0.237200	-0.134581
0.237300	1.865660
0.237400	1.280980
0.237500	-0.073035
0.237600	-0.657722
0.237700	-0.073035
0.237800	1.188660
0.237900	1.065570
0.238000	1.065570
0.238100	1.957980
0.238200	1.619480
0.238300	-0.196127
0.238400	-1.734780
0.238500	-1.796320
0.238600	-0.165354
0.238700	1.034790
0.238800	0.603971
0.238900	0.050057
0.239000	-0.103808
0.239100	-0.380765
0.239200	-0.934679
0.239300	-0.473084
0.239400	0.173149
0.239500	-0.103808
0.239600	-0.349992
0.239700	0.511652
0.239800	0.942474
0.239900	-0.349992
0.240000	-1.027000
0.240100	0.203922
0.240200	0.203922
0.240300	-1.550140
0.240400	-3.611930
0.240500	-2.904150
0.240600	0.173149
0.240700	0.450106
0.240800	-0.380765
0.240900	0.142376
0.241000	0.450106
0.241100	-0.073035
0.241200	-0.503857
0.241300	-0.380765
0.241400	-0.165354
0.241500	-1.057770
0.241600	-1.057770
0.241700	0.542425
0.241800	0.480879
0.241900	-1.303950
0.242000	-2.534870
0.242100	-0.965452
0.242200	0.173149
0.242300	-0.073035
0.242400	0.111603
0.242500	0.942474
0.242600	1.280980
0.242700	0.111603
0.242800	-1.673230
0.242900	-1.796320
0.243000	-0.011489
0.243100	0.942474
0.243200	-0.319219
0.243300	-1.580910
0.243400	-1.273180
0.243500	-0.626949
0.243600	-0.042262
0.243700	0.850155
0.243800	2.265710
0.243900	2.696540
0.244000	0.911701
0.244100	-0.473084
0.244200	0.573198
0.244300	0.357787
0.244400	-2.288690
0.244500	-3.519610
0.244600	-1.919410
0.244700	-1.242410
0.244800	-2.042510
0.244900	-1.857870
0.245000	-1.057770
0.245100	0.788609
0.245200	1.404070
0.245300	0.357787
0.245400	0.111603
0.245500	0.880928
0.245600	0.542425
0.245700	-0.134581
0.245800	-0.042262
0.245900	0.542425
0.246000	0.080830
0.246100	-1.088540
0.246200	-0.503857
0.246300	0.480879
0.246400	0.480879
0.246500	-0.134581
0.246600	-0.596176
0.246700	-0.011489
0.246800	-0.042262
0.246900	0.142376
0.247000	0.573198
0.247100	0.080830
0.247200	-1.919410
0.247300	-2.411780
0.247400	-0.288446
0.247500	0.973247
0.247600	0.573198
0.247700	-0.626949
0.247800	-1.273180
0.247900	-1.273180
0.248000	-1.119320
0.248100	0.173149
0.248200	1.004020
0.248300	0.696290
0.248400	0.080830
0.248500	-0.873133
0.248600	-0.750041
0.248700	-0.349992
0.248800	0.111603
0.248900	0.050057
0.249000	-0.811587
0.249100	-0.842360
0.249200	-0.934679
0.249300	-1.950190
0.249400	-2.042510
0.249500	-0.750041
0.249600	0.111603
0.249700	0.173149
0.249800	0.173149
0.249900	0.511652
0.250000	0.880928
0.250100	0.634744
0.250200	-0.257673
0.250300	-0.657722
0.250400	-1.365500
0.250500	-1.950190
0.250600	-1.734780
0.250700	-1.734780
0.250800	-1.027000
0.250900	-0.042262
0.251000	0.327014
0.251100	-0.196127
0.251200	0.573198
0.251300	1.557930
0.251400	0.788609
0.251500	-0.688495
0.251600	-0.750041
0.251700	0.327014
0.251800	0.911701
0.251900	0.050057
0.252000	-0.534630
0.252100	0.111603
0.252200	-0.165354
0.252300	-0.750041
0.252400	0.265468
0.252500	1.065570
0.252600	0.603971
0.252700	-0.226900
0.252800	-0.780814
0.252900	-0.965452
0.253000	-0.380765
0.253100	1.157890
0.253200	0.665517
0.253300	-1.027000
0.253400	-0.750041
0.253500	-0.042262
0.253600	0.265468
0.253700	0.050057
0.253800	-0.596176
0.253900	-0.165354
0.254000	1.096340
0.254100	0.665517
0.254200	-0.503857
0.254300	-0.196127
0.254400	0.511652
0.254500	0.234695
0.254600	-0.134581
0.254700	-0.934679
0.254800	-0.750041
0.254900	-0.380765
0.255000	-1.057770
0.255100	-0.903906
0.255200	-0.503857
0.255300	-0.596176
0.255400	-0.042262
0.255500	0.388560
0.255600	-0.842360
0.255700	-1.396270
0.255800	0.142376
0.255900	0.788609
0.256000	-0.103808
0.256100	-0.319219
0.256200	0.419333
0.256300	0.511652
0.256400	0.050057
0.256500	-0.503857
0.256600	-0.842360
0.256700	-0.996225
0.256800	-0.719268
0.256900	0.173149
0.257000	0.296241
0.257100	-0.319219
0.257200	0.111603
0.257300	0.603971
0.257400	-0.349992
0.257500	-1.027000
0.257600	-0.319219
0.257700	-0.257673
0.257800	-0.873133
0.257900	-0.750041
0.258000	-0.349992
0.258100	-0.442311
0.258200	-0.011489
0.258300	0.819382
0.258400	1.250200
0.258500	0.788609
0.258600	-0.196127
0.258700	-1.150090
0.258800	-0.719268
0.258900	-0.257673
0.259000	-0.688495
0.259100	-0.780814
0.259200	-0.503857
0.259300	-0.103808
0.259400	1.373300
0.259500	1.311750
0.259600	-0.042262
0.259700	-0.626949
0.259800	-0.073035
0.259900	-0.196127
0.260000	-0.503857
0.260100	-1.365500
0.260200	-1.642460
0.260300	-1.242410
0.260400	-0.565403
0.260500	-0.626949
0.260600	-0.780814
0.260700	-0.811587
0.260800	-0.380765
0.260900	0.234695
0.261000	-0.411538
0.261100	-0.750041
0.261200	-0.349992
0.261300	-0.534630
0.261400	-0.165354
0.261500	0.357787
0.261600	0.573198
0.261700	0.357787
0.261800	0.203922
0.261900	0.788609
0.262000	0.542425
0.262100	-0.750041
0.262200	-0.996225
0.262300	-0.257673
0.262400	-0.196127
0.262500	-0.257673
0.262600	0.727063
0.262700	0.727063
0.262800	0.111603
0.262900	0.173149
0.263000	0.542425
0.263100	0.634744
0.263200	0.419333
0.263300	0.203922
0.263400	0.388560
0.263500	-0.134581
0.263600	-0.380765
0.263700	0.542425
0.263800	1.127110
0.263900	0.788609
0.264000	0.111603
0.264100	-0.196127
0.264200	-0.257673
0.264300	-0.319219
0.264400	-0.257673
0.264500	-0.626949
0.264600	-0.934679
0.264700	-0.626949
0.264800	0.419333
0.264900	0.634744
0.265000	0.757836
0.265100	0.819382
0.265200	0.173149
0.265300	-0.288446
0.265400	0.173149
0.265500	1.496390
0.265600	1.004020
0.265700	-0.319219
0.265800	-0.257673
0.265900	0.511652
0.266000	0.727063
0.266100	0.450106
0.266200	0.450106
0.266300	0.296241
0.266400	0.111603
0.266500	0.173149
0.266600	0.142376
0.266700	0.450106
0.266800	0.327014
0.266900	-0.349992
0.267000	-0.319219
0.267100	0.480879
0.267200	0.727063
0.267300	0.327014
0.267400	-0.011489
0.267500	0.203922
0.267600	-0.011489
0.267700	-0.534630
0.267800	-0.534630
0.267900	-0.226900
0.268000	-0.411538
0.268100	-0.442311
0.268200	0.173149
0.268300	0.511652
0.268400	0.327014
0.268500	0.603971
0.268600	0.788609
0.268700	0.327014
0.268800	-0.073035
0.268900	0.203922
0.269000	0.634744
0.269100	0.665517
0.269200	0.542425
0.269300	0.450106
0.269400	0.419333
0.269500	-0.319219
0.269600	-0.503857
0.269700	0.357787
0.269800	0.450106
0.269900	-0.073035
0.270000	0.234695
0.270100	0.911701
0.270200	1.280980
0.270300	0.911701
0.270400	0.357787
0.270500	-0.011489
0.270600	0.327014
0.270700	0.788609
0.270800	0.850155
0.270900	0.203922
0.271000	0.388560
0.271100	0.727063
0.271200	0.573198
0.271300	0.296241
0.271400	0.880928
0.271500	1.157890
0.271600	0.819382
0.271700	0.757836
0.271800	0.788609
0.271900	0.327014
0.272000	0.265468
0.272100	0.419333
0.272200	0.480879
0.272300	0.973247
0.272400	1.004020
0.272500	0.665517
0.272600	0.542425
0.272700	0.296241
0.272800	0.511652
0.272900	0.603971
0.273000	0.234695
0.273100	0.234695
0.273200	0.357787
0.273300	0.111603
0.273400	0.019284
0.273500	0.050057
0.273600	-0.134581
0.273700	-0.226900
0.273800	0.080830
0.273900	0.173149
0.274000	-0.319219
0.274100	-0.565403
0.274200	-0.349992
0.274300	-0.011489
0.274400	0.234695
0.274500	-0.380765
0.274600	0.019284
0.274700	0.850155
0.274800	1.404070
0.274900	1.404070
0.275000	1.065570
0.275100	0.942474
0.275200	0.942474
0.275300	0.173149
0.275400	-0.011489
0.275500	0.757836
0.275600	1.096340
0.275700	0.634744
0.275800	0.111603
0.275900	-0.042262
0.276000	0.357787
0.276100	0.480879
0.276200	0.450106
0.276300	0.603971
0.276400	0.973247
0.276500	0.911701
0.276600	0.542425
0.276700	0.819382
0.276800	0.819382
0.276900	0.511652
0.277000	0.419333
0.277100	0.788609
0.277200	1.004020
0.277300	0.973247
0.277400	0.788609
0.277500	1.280980
0.277600	1.342520
0.277700	0.727063
0.277800	0.234695
0.277900	0.296241
0.278000	0.788609
0.278100	0.911701
0.278200	0.819382
0.278300	0.450106
0.278400	0.419333
0.278500	0.419333
0.278600	0.419333
0.278700	0.788609
0.278800	1.096340
0.278900	1.127110
0.279000	1.219430
0.279100	1.004020
0.279200	0.665517
0.279300	0.327014
0.279400	-0.103808
0.279500	-0.196127
0.279600	0.573198
0.279700	0.634744
0.279800	0.173149
0.279900	0.388560
0.280000	0.880928
0.280100	1.004020
0.280200	0.080830
0.280300	-0.380765
0.280400	-0.103808
0.280500	-0.226900
0.280600	-0.103808
0.280700	0.665517
0.280800	0.542425
0.280900	-0.134581
0.281000	0.142376
0.281100	1.157890
0.281200	1.404070
0.281300	0.603971
0.281400	0.050057
0.281500	0.573198
0.281600	1.434840
0.281700	0.634744
0.281800	-0.073035
0.281900	0.203922
0.282000	0.450106
0.282100	0.511652
0.282200	0.388560
0.282300	0.419333
0.282400	0.573198
0.282500	1.404070
0.282600	2.111850
0.282700	1.496390
0.282800	1.034790
0.282900	0.542425
0.283000	0.880928
0.283100	1.742570
0.283200	1.773350
0.283300	0.973247
0.283400	0.419333
0.283500	0.727063
0.283600	1.250200
0.283700	1.373300
0.283800	0.942474
0.283900	0.788609
0.284000	1.096340
0.284100	1.034790
0.284200	1.004020
0.284300	1.250200
0.284400	1.773350
0.284500	1.865660
0.284600	1.773350
0.284700	1.127110
0.284800	0.327014
0.284900	0.234695
0.285000	0.973247
0.285100	1.127110
0.285200	0.727063
0.285300	0.603971
0.285400	0.296241
0.285500	0.327014
0.285600	0.665517
0.285700	0.573198
0.285800	0.542425
0.285900	0.727063
0.286000	0.850155
0.286100	1.250200
0.286200	1.250200
0.286300	0.788609
0.286400	0.542425
0.286500	0.696290
0.286600	0.419333
0.286700	0.542425
0.286800	0.819382
0.286900	1.342520
0.287000	1.250200
0.287100	0.511652
0.287200	0.665517
0.287300	1.034790
0.287400	1.311750
0.287500	1.896440
0.287600	1.711800
0.287700	1.188660
0.287800	0.727063
0.287900	0.234695
0.288000	0.203922
0.288100	0.542425
0.288200	0.973247
0.288300	0.727063
0.288400	0.573198
0.288500	0.542425
0.288600	0.788609
0.288700	0.603971
0.288800	0.573198
0.288900	1.188660
0.289000	1.127110
0.289100	0.696290
0.289200	1.065570
0.289300	1.619480
0.289400	1.742570
0.289500	1.065570
0.289600	0.419333
0.289700	0.542425
0.289800	1.188660
0.289900	1.065570
0.290000	0.942474
0.290100	1.342520
0.290200	1.127110
0.290300	1.004020
0.290400	1.404070
0.290500	1.588710
0.290600	1.034790
0.290700	1.065570
0.290800	1.865660
0.290900	1.588710
0.291000	0.850155
0.291100	0.757836
0.291200	0.942474
0.291300	1.034790
0.291400	1.404070
0.291500	1.773350
0.291600	1.496390
0.291700	0.573198
0.291800	0.080830
0.291900	0.727063
0.292000	1.588710
0.292100	1.804120
0.292200	1.311750
0.292300	0.665517
0.292400	0.757836
0.292500	1.188660
0.292600	1.681030
0.292700	1.496390
0.292800	0.911701
0.292900	0.357787
0.293000	0.511652
0.293100	0.973247
0.293200	1.557930
0.293300	1.834890
0.293400	1.404070
0.293500	0.727063
0.293600	0.911701
0.293700	1.342520
0.293800	1.250200
0.293900	1.342520
0.294000	1.957980
0.294100	1.834890
0.294200	1.219430
0.294300	1.034790
0.294400	1.527160
0.294500	1.496390
0.294600	0.973247
0.294700	1.127110
0.294800	1.157890
0.294900	0.757836
0.295000	0.880928
0.295100	1.527160
0.295200	1.465620
0.295300	0.880928
0.295400	1.034790
0.295500	1.650250
0.295600	1.619480
0.295700	1.127110
0.295800	1.004020
0.295900	0.911701
0.296000	0.665517
0.296100	0.819382
0.296200	1.342520
0.296300	1.650250
0.296400	1.157890
0.296500	1.034790
0.296600	1.250200
0.296700	1.188660
0.296800	1.373300
0.296900	1.527160
0.297000	1.650250
0.297100	1.711800
0.297200	1.373300
0.297300	1.096340
0.297400	1.127110
0.297500	0.788609
0.297600	0.973247
0.297700	1.527160
0.297800	1.742570
0.297900	1.342520
0.298000	0.788609
0.298100	0.819382
0.298200	1.065570
0.298300	0.942474
0.298400	0.850155
0.298500	1.342520
0.298600	1.404070
0.298700	1.127110
0.298800	1.527160
0.298900	1.742570
0.299000	1.619480
0.299100	1.280980
0.299200	1.250200
0.299300	1.527160
0.299400	1.188660
0.299500	1.157890
0.299600	1.311750
0.299700	0.880928
0.299800	0.788609
0.299900	1.404070
